3.888259219101525 0.6387893464502037
3.7578898871707196 1.9636882823726909
2.479732333661877 3.0885151572044856
1.5623180578364186 3.4555739410050084
3.7401224585187727 0.11091295746569418
2.5953791463902327 1.3263671907789956
3.119106008816066 3.6722538127452524
3.872234124219234 3.972583636536336
1.394009372363473 3.2689049815641074
1.0737054633051692 0.4158759334845161
3.2571309293143815 2.9764350813935545
2.2278424146797713 0.906877290713509
2.8223403078466633 0.9606291335919241
3.684436306732088 1.039146823432814
0.09130984916038232 2.4776938270304405
0.24743325390221926 2.403255168429949
1.3292748998619244 1.2144985762345755
3.651090751421053 0.3997069609420332
2.110293383450722 2.6521492042106134
3.3707956196573168 1.3108107083964526
2.428856988079776 3.048387871974772
2.112839541528365 1.6341423019438328
0.6452172418060109 0.8557149008036364
3.6294975737038855 0.08593366947835834
1.4510284531522202 0.10648125910897877
3.272488079876792 3.7782591179416
1.3929033060098477 0.13569983449603606
1.3641363619237818 1.0316701323585087
3.028156166060408 1.3442710498808883
3.5594078541582745 3.0618501656313764
3.244268383196851 0.20933801522880469
2.37263562294601 2.650429038705031
1.1261679730162522 1.387635186244248
3.186571496414672 1.086453238049974
3.328840248237837 2.6421624779414117
1.9744870312400247 3.837077709532456
3.9489110685976168 2.317676191838148
3.2557414859524947 2.973191304574789
2.9112950580342525 3.5341989172257153
1.3217778646763638 1.7876146882771495
2.1142868043119005 1.647659368658184
1.8259814423193022 1.0457307590362088
1.8508922396143466 0.8131854046146558
3.569809207920641 1.3461743605219265
0.2659580928846563 0.8498635204704472
2.88377939478419 3.2050406484796157
0.9150799683915114 1.5603213115341683
3.957123009589052 1.9036374660656472
3.8314651294527016 3.9452816362350416
3.636423301230336 0.2854327951748403
3.987680335769976 3.0375373567104567
1.4412335817005348 2.2862288749341837
1.353331352991677 1.0738050520925038
0.8795409103980791 1.1878486538721047
2.550653612040739 2.287786192712718
3.030032545231159 1.1196610760065053
1.6099506210462504 0.4192496778488737
1.0687698689335883 2.8407481294341337
3.0851128546125204 0.7227579915527929
0.32289530314988957 1.1813863619668523
1.3735504567816053 0.1384323538490344
0.4266228447824334 1.0042720745548213
2.1236326965789356 0.7174739428246695
0.9623279209835385 2.1249598657412077
3.522672980678479 2.2813947413553257
2.307453630439428 3.9635045045341646
3.830936087233107 3.546458869126803
2.0912432490146444 0.2963906830486551
2.1962769916364677 0.7647879534697211
3.083992645092985 1.126992759164811
1.4074523689080074 0.00536004127589651
1.47307876948926 0.40744943514746446
3.3054143463188277 3.771771420384429
3.9680089835320933 2.7271478010659007
0.22272723367767577 1.944387924065254
1.0547080256388623 2.226703890375353
1.339986303946059 2.792786946078889
1.2059322059924096 0.42049033101181976
1.4661736365815412 3.124887456065193
1.3892769305340953 2.4947427842856156
3.7475414703407455 3.9984597017261865
3.588230285127558 0.5958016061570723
0.20671743247318952 3.338161548326457
2.710584582642086 2.7168203776118776
1.09328232303471 2.593404102170474
0.42233463743262867 3.147238066748941
2.6436225709483687 0.7828930262018772
2.5680813614570255 0.13118467318674387
3.7300304173285515 2.4533094458460734
0.16513286506901048 1.9065370160798745
2.606550235693582 2.517860733770707
0.5230094795127669 3.497315507518938
3.651967743257017 1.7105528499550955
3.6247144847288575 0.6081762950292351
2.5226206073924424 2.8037087948666493
3.874357224682998 2.156232996596167
0.26017587967390954 1.4872885537544618
2.9400477054807483 1.7852071202106523
0.6221743197280212 3.52001098034098
0.5769183491059473 2.045167281117804
0.5248985694514521 2.20450872930115
0.6544145068636862 0.8625880891450146
2.971216746311353 2.2241989678683582
0.6858167479881017 0.912964573005346
3.0822844339328137 2.832915015266182
1.315815308327072 1.3847227039768697
2.1264620174343225 2.1852679805044044
0.7900228282802448 0.47869864841706944
0.15860178584018314 0.21071365466709624
2.289736303946583 1.6413251783139944
3.2578126643570275 0.003641515287918118
3.035655880698643 0.04851403891170669
3.4789237999614357 2.2814318427394014
2.7651885161792054 0.6007856764119452
2.118214928504959 3.0023275152158675
1.2752933514027864 2.44125336236945
0.1601964483943905 3.8414472986160355
0.8656610124968158 3.7483754461233874
1.7189712802889825 1.323116257713275
3.874412195898511 0.22658616619961824
1.0541739227419655 3.4451293931204567
0.5233566422617173 3.7570596605596576
2.8289715820378776 0.7057201075305874
3.1368947524001904 3.7606915944058312
3.2921234388513536 2.567125389643593
0.10023359329624171 2.8710004695404434
2.662448738725266 1.2448981292979524
0.9661980263029539 0.6235845893332166
3.122718332486989 1.8700795094536367
0.5982738674117325 1.6512233100560327
0.3751471443644627 0.7731882670600823
2.512247334257124 3.8467468691381823
1.3291974591050568 3.0814261507022875
0.7812391441587643 2.3611714702814117
1.4527654077870285 3.9946678189310916
2.3563004091321655 1.3869029277280238
0.06264916212599614 1.1453959008140835
0.7852821634949168 3.426898563712034
1.6861087702091488 3.4784814687945325
3.840532119792689 3.4584121194181883
2.1317873844920485 3.3618294512736693
2.344746289190144 2.560881302446419
3.028595190795661 3.328568922712258
1.335052374373905 1.4896626091044118
0.9525886082571406 1.3592982903981836
3.9568543834350423 2.6533231347908637
2.747042768831361 3.8893931305968574
0.28303428712491785 1.2972862441151904
1.9962203105150094 3.9969393880609037
0.11075711259952614 3.2196082400833728
0.6836610687953639 1.950624296050289
0.2943722202250907 1.3482499157274113
3.633346370519276 1.438194822389573
2.037470114762257 0.09569064219114942
1.174336093290695 0.7536021245059965
2.581896368985974 3.3351515925433937
1.8089008538950884 0.399568980379434
0.8627317791351565 3.479992460452543
2.5220138450670464 1.6509191882915215
2.6891086759252567 0.0347029373651746
3.519830708059631 1.768599160693328
0.49921426978968997 2.4289987091026553
1.5258728983496352 0.27212773966791604
2.7898602392924743 3.080770562173115
1.590707350174573 1.6995656389701392
1.3034649006129095 3.1238664198409585
1.658059610645858 3.7069639183523764
0.17262896212340006 3.160727146325633
0.45246733482868606 0.8047208042608958
1.614079891659427 2.2213878825159394
2.720730127551998 1.1744563203771081
2.1188312440138874 2.434775377993808
0.5617420605172967 3.1795476170841273
2.2979197790055403 1.3107647155359672
0.3988474404409206 1.0789938273665372
0.04955898386479829 0.1666837121886524
3.5357540030105974 1.1219682081397053
1.7505979970890166 0.10870719867274792
1.9488056979794024 0.30455001668044934
1.1172018636745165 1.934613925883054
3.614871597672775 1.5978284492622792
1.7571073253357326 3.9660550713666267
1.0055498879956697 2.119902640679438
1.2022346601002076 3.9963837392023263
2.173583227060399 1.0314203786157248
1.5399905351992262 0.5353016611866024
1.8018600098336415 3.375178835589955
0.2754392607976506 3.021259551478562
0.43216498820719673 0.5769042495013696
1.5524578924709056 1.4376347723254796
2.2574101491677134 2.650894619233189
0.13370087388314378 2.605177542220179
3.890144115166174 2.6525574549299833
1.9987838891047178 3.426277287924953
1.6667679084095974 3.984154338970092
2.1209339754259444 0.8983423932752084
2.666380909326212 3.4386521291423877
2.7746793838576376 0.8499228088661344
1.5624909084882952 2.2316741273819174
3.6776947106312843 1.8111787684212128
0.15242391341128458 1.5026553002352143
0.13001536039582895 2.678023555558036
0.8976201865228854 0.7771791446643759
0.07677668062780629 0.14736297849258717
2.235727030267892 0.6852246279233372
3.06466622078178 0.9255702587386088
3.8068678081675755 0.7422719054367306
3.866221148727537 3.210466294039912
3.1310890013849226 2.6466097983442536
3.400783273553749 3.360183393936406
2.585497218849584 2.561690753582297
0.017116470933207673 3.9498056836364763
1.1017823266891562 1.9566059961728017
0.8491770259001137 2.8938984235378378
0.5555719719166068 1.1933458591378163
2.9408290474779823 3.4826987978058552
3.821561992055572 2.154879630873197
3.532820468726504 3.1852489151943324
2.614054477297448 2.717497028543823
3.3259955693297245 0.05372852526167682
1.4413368222909226 0.3977751853536513
2.9640050659354453 0.6437018783555724
1.99508630054296 0.6172903034507993
2.8627199246061603 3.4477962512358453
0.7922989294415812 0.06998751539020187
1.3872192979019768 1.5810932209445294
2.435382515138211 3.6846305278124607
0.5067874934781913 0.5303268865359341
2.623498841407857 1.0710815273370637
2.8684687683481265 0.0004610856673430419
0.31520512114898525 3.6887501387680697
2.398735256626926 3.047731310059479
2.697648849663055 1.262191959481933
3.3012685873358145 0.3533139739010487
3.420893528626846 0.37878318446261483
0.9414062339404237 3.4138949178116866
3.3417995651092753 0.16585092629008313
1.5946568652092945 2.8562677441995574
3.999913800779098 2.6467742793087554
3.5975359509972042 1.1029062111350947
3.0301931475914605 3.634954738662849
0.4413427031110686 2.1283222704021547
1.9808099905607004 0.3924426961515408
2.84626981402994 1.1934024215095582
0.8018246178329527 2.5679314323633817
0.3543489803633131 3.6462640520095384
3.6323179331870814 1.0802580374893873
3.706659552899135 0.49786946358820217
0.5420967700249899 3.8970698924640486
1.2396878528642437 1.1684121499461795
10.158511012025688 11.75899753940233
13.513312651050725 13.320132596387253
11.816828092352303 10.755178657473701
11.422834675543044 13.607798352021328
10.30087637949641 10.393588473261138
13.923502144853856 12.730139064252164
13.452267531741285 12.211536133497713
13.084165964886916 10.116963877832982
12.807306729491971 10.510727972555177
11.244633136437365 11.405763541023942
10.26663930415871 10.721407070472262
11.485594941095528 12.440134523124648
11.322293515507207 11.806699820914263
13.497295134228786 12.528427462238401
10.895200088418505 11.573687997339011
12.166649671309452 13.21064582950671
12.48956931626906 11.877250285566955
13.096790655960312 11.879215370863928
10.436290468895619 10.060641960015964
12.400011565460044 11.687474019220017
12.322351480446583 11.1060607314004
11.325753477302976 13.389122482879332
13.931822911279758 12.585950532391944
10.474561446015462 10.14565707231571
12.225958023283463 12.209386288941438
10.080488187711762 12.413439147739934
12.695061245539744 10.668262481728442
13.1400777180944 11.528601267770583
11.198181784797113 13.687014755522284
13.402592334281747 13.365805621571708
12.982639601150446 10.161823260732257
10.816538648997778 10.872896300996834
10.431745380225806 11.923415304568984
13.455220709168957 12.58413771881964
12.993268108942425 11.179110039488428
13.95641274340576 11.757850117612382
13.153841221035437 12.212158380944528
13.68846246824877 10.332654665471779
11.516990206418843 12.689323635239113
11.366094370874276 13.572235369395488
12.258629343366866 11.86643446138644
12.274144825729527 13.237799091910276
12.514237158553327 12.965271332582748
10.997531667298247 10.764354070933905
11.869881589907873 13.323943018568931
10.373745815508713 12.166049331582343
12.797602370527974 12.826049328924048
12.230863473041868 12.5717893973363
13.009796748146577 13.726217419263396
12.258561273253946 13.76772926230873
10.69031292876722 11.350109344207711
12.844461847334266 12.983134915420228
12.827585161239814 10.788405627731755
12.446380120161635 10.914476070387732
13.419412596686655 13.54787751406376
13.550692962796232 12.419275368743701
12.141500907679102 11.384916142790352
12.465561090123112 10.554532273086004
12.634684292880646 11.620741695332672
13.884434226345519 10.567549344212082
11.401874138901666 11.19807541372293
13.448295726136212 11.865998460247187
13.916127803606567 10.732508695390269
12.333372731489103 13.471075626533402
13.512184319190597 12.182134577766673
10.343039150359486 11.404624080652104
11.45331333439449 11.804112291554874
10.530343471245699 13.05283867923298
10.775374501941105 11.071742800761834
11.927742975704811 10.305542100595648
13.391539758849508 12.436189464949974
10.987305229410142 11.703782183118008
11.388001384172481 10.436233465004891
12.96972467274205 13.444981127471117
12.23950449230865 12.952250352863128
11.361062272134628 11.049106388634858
11.830778871331162 13.896648502318524
11.429302905346495 12.917489764428042
10.892381895746063 10.481181118267429
11.125551992331754 13.755029887164639
11.084371813574322 10.009173278275128
11.38776531834938 10.25250835813404
13.79489567277243 10.744751468161112
10.104180982320713 12.182214701901282
11.823302291582955 11.906757864643376
13.512570836982576 10.374546967516107
11.608068008478089 12.255666501476927
11.618034421814183 11.618533398167875
11.637033562220406 10.238490794193702
12.312237955795336 13.326619348347986
13.876330154919634 11.018567096141926
11.383631334408228 11.99564128117839
10.013682560202106 10.503439788271274
12.066071392296806 12.866102533830986
11.576433537202423 10.276375995144436
12.380784110034218 13.570155909025921
13.827648033374864 11.105238164014786
11.45047149762493 13.95092918457752
10.423431821685835 11.502818118366331
12.17403485471632 12.472944150695296
10.727145044590717 12.330504294092098
10.986854916418082 11.187300249632013
13.102426003876854 12.18357456012701
11.77894909437368 11.108873758620634
11.96654710334458 13.98685703219986
12.108295454833527 10.232562725304435
13.044734093391106 13.14858493062621
10.585295321964747 13.180896609079547
10.869848095928916 11.368214914559147
10.803853014636125 10.325436853229736
12.288559775268979 11.187858575565208
13.857745715045592 12.51621197493038
13.466969032827674 11.126772128468538
10.753154943344974 11.763163643437736
11.16026029367291 13.529774077049955
12.034832868128966 10.25146788714167
13.117034659644426 11.1591286504786
12.38668966882401 10.302387663911952
13.745255244749067 13.02745708225566
10.317817649441631 11.956138073151823
10.324742727928975 10.74787935515131
10.963052014860112 11.897832938529593
13.640270739177765 12.503836530378807
13.768039417330773 13.236482939688127
12.747994298928283 10.981250354478814
11.099432002024965 11.6511529899367
10.728329403667106 10.42325480973238
12.30526821436434 13.559235026837468
12.547066288448054 11.193449762674259
13.354347404757979 12.036114264105281
13.528192512056886 11.957240832492356
10.926219780782597 11.89294707378357
10.929405630352537 11.323124606278615
12.010181275884324 10.580852806725067
11.509358695029157 12.356276272215942
11.032038266953274 10.761267678438182
11.823498618503216 10.632476738242515
13.714737400193787 13.262651552424305
10.724606531910975 11.355804621607868
13.647751596337844 12.884432400347315
13.993067849130101 12.225921208707298
11.96734174606778 11.067162143473524
11.398642576136055 12.041670396761699
12.06209947830926 13.615198543843587
12.4120313356106 12.95381500003177
10.043244172093797 13.017107716430628
11.307708473002412 10.509706172421101
12.233721212343891 12.514978503303011
10.850899216938128 13.788959944985917
12.011961432359188 10.962893595122654
11.561184328794416 12.682259015908297
10.767171891688236 12.934606325054425
13.933859345294564 11.209651168579759
12.321964952750719 10.416287929395558
13.225963023768868 13.220953840061961
13.61230607118614 10.176683066910552
12.324508412573842 10.509613382131304
13.687220421862726 13.971997343199662
10.163033538682953 13.076134633897407
10.712662144965051 12.633062990759651
10.818551556293738 10.456562778501615
11.087402521597124 13.230645880084303
11.19871651770014 10.957632184054695
13.970811979215258 13.486159027796644
11.25596586567272 13.26693226862577
11.53380175902455 10.912297733480425
11.739318441094191 11.820968777647732
13.951962483017542 13.720415018766216
10.650940174909008 11.481509453983822
12.550816914131481 11.354986027130803
13.771381443802508 13.920477937253146
10.262017148370377 13.988122328982747
13.7156778257628 12.161225545330332
12.368629990307234 10.134092165681668
10.611138887011464 12.672217072903672
11.753665630616316 12.7636094190867
13.523165705252763 13.800765086629795
12.546848348378147 13.408082130892497
10.006482107333609 10.689053053621075
13.942945245171838 11.77618401382107
13.831823846879622 10.857664494135129
13.121794253054599 10.160313098527062
12.486871587592232 10.97578672256285
11.723462157538606 12.031357421972881
10.123522825527026 11.592039129618094
13.450818801913597 11.409532539555357
12.476327838550155 12.261484908259336
11.699319109402929 12.089109575619773
11.637746706159984 12.632757533602735
12.760898542879044 13.661939377890807
12.744031301374239 11.046625295924812
10.641462204310205 11.743323917288507
13.425183385650069 10.551095907253341
12.267649865433192 12.369830957979309
12.891365213150031 10.519089406919292
12.100230391014811 12.84480928517927
12.609562230655515 11.309346106199264
13.070126431114044 10.940410882747816
12.804481968414963 10.3450076716519
13.443842274604062 10.910997187860827
11.014751652782179 10.38154167128192
10.060332311987926 13.902635103381998
10.752988010741792 12.494790236012472
12.490494907676034 10.763977111684099
13.963538623677362 10.819686061240242
13.28364966581199 10.579340674891355
11.559629555842536 13.690495193184834
12.930262275641665 11.59107722720768
10.783694529375612 10.33685267791093
11.507256767741815 11.951049982663912
11.584537632119606 11.44467944186231
12.324921701190501 10.91828056990319
11.020918751544565 12.907136561628663
11.829876841011266 11.407738324862844
11.692906839280086 10.02269198796403
11.09634551839667 11.316410398085603
11.989106607842944 12.525500789594773
12.766708327153406 13.335334476014413
11.381314772921922 11.767152964488252
13.707579364056338 11.915215314456974
12.072388598263725 12.844196266556896
12.604262858275328 11.639183749043926
10.74332966941839 13.21185015540731
10.751495720193144 12.946303357580385
11.737105173446714 13.509159559529152
11.980101801570997 10.145840203711032
11.947738588361892 11.769470517201608
12.744888335440058 12.229563338230035
12.977385624288855 12.786202693632303
10.721578661859624 10.7116711764471
13.363782332373434 10.353451195871253
13.133049434811495 11.810332338499242
12.131885659683778 11.333566936628952
10.696444641418259 12.304506450237078
13.025747210466735 11.154677331618961
13.815262018391714 10.469740671568998
12.907135066781564 13.615684622070418
10.579578127397115 11.349068613333834
11.857198278499272 13.81329656745178
10.015224719064737 10.772701392523214
10.035363339228375 13.277911917611785
13.800762064654709 13.63923580332499
12.338189712896058 11.587130582803391
13.726839594032842 11.200331805998236
11.322231789441972 10.47315801052344
13.630728839535449 13.815165339218368
11.17152183343152 12.412526731999804
12.761327191453418 12.555332901636694
12.236289483051225 13.57509738164872
13.563515663788149 10.260809789246624
13.028892695044163 13.794883018537476
12.958530147880353 11.082818511501392
12.72927326148234 13.243738299855991
12.19168381150074 13.338433029722953
11.631282127954526 10.146294866091246
10.088666969360368 11.233692477125755
12.428370337810714 13.313990648146024
10.628392219412179 11.624221282382553
12.79009740545307 13.742502907712316
13.834829077785674 11.171006762789059
12.374954461141984 12.679886504308394
12.803295780682706 12.286457481190581
10.766420593118818 13.812818139070206
10.326214988191884 13.772551758274732
12.848549314809743 13.49872173465667
11.576872644659439 12.719563487428077
10.936801967252926 10.15299970187345
12.915206543134005 10.706047777445445
12.634131014660696 10.582363993955944
13.085855315043478 11.340478072312324
13.609755207314727 12.499721026558955
11.470612627630125 11.598222874543035
11.653700502677513 10.198792525473271
12.142574130098808 12.098495282073333
13.674590375116455 10.394208948669949
13.259906559306902 13.007002619035376
11.813989193008476 13.552758899386475
10.372019048131035 10.096830479782861
13.069628303159664 12.245056925954334
10.476947286172786 12.298500757178735
10.005067799613677 10.17784774095361
13.25871364591529 13.247016388933487
10.78131266567491 13.770739605361538
11.170917830106754 10.948467055610386
11.427094575579538 13.331857545617254
10.563305414268996 12.783517064770892
11.361499006849824 12.689880248108793
12.81973096140814 11.910379417842138
13.97440454708785 11.94659518477203
10.845878755931942 11.252133081128541
11.682183016132447 10.836889731509654
12.345973310796417 11.256418695063354
13.740485356337896 10.18938997317695
13.725912586854438 10.738078230836571
11.958210191081097 12.059494462687033
10.839808034377114 12.957830842298412
10.304970950726377 12.078643670837716
12.099931413734813 13.73208464710713
11.192620186414526 12.220908330659514
11.107381235978632 12.690404480909812
12.972449596158656 10.007974400145198
12.961739888639853 10.022182684979999
10.133082574766025 12.47344744104715
10.458346932994884 13.183920175449556
12.746595478869423 11.187238952451445
13.966081825039886 12.685844643444803
13.738645491737467 13.962296612710798
10.488798626988439 10.017585912979975
13.879687373863444 11.808419252548319
13.27527319019567 12.282586306387799
13.806504636523579 12.900433336753037
11.59957571636167 11.635137434355514
13.892394842495607 11.262210767395393
11.077672382665451 13.921765584816992
12.108230177540136 10.951386188559706
10.749519464517654 10.277045252222809
10.870694529087352 10.700562051452785
13.71905832336671 13.792860812047872
12.171930343867238 11.197100580862434
12.191717565800946 13.570403972535388
10.524675439397232 13.442103009017673
11.340880841505037 10.497493339385727
10.522757762495857 13.761091667489099
10.29728702109613 10.9041913143865
10.640901475638946 10.38451288534103
11.358058633686777 12.545196206980261
10.468636197219787 13.92067616953128
12.084448557843562 13.185357812037271
11.814510835928402 12.132039841859065
12.335019335155247 12.025263226192163
12.793176618332172 11.748504585103383
11.448991141655885 11.53469192876021
11.54476384386848 13.875772437040967
10.635841892089685 12.087472030515384
10.792950595073211 13.999932577265243
11.410979973778531 12.855897628491434
10.408352717206864 12.290318485554607
12.553361958789951 12.334572252206879
10.312795606101574 13.00848780316746
10.075523229624169 12.94358950836696
10.338122377891425 11.213739502259353
10.283358841856364 10.228510053465005
10.331135037490371 13.740171543882095
10.85392092083914 13.630725144181852
12.76639538644605 13.220732497808374
12.393974927280528 13.951259745675479
13.871090658290992 11.812101250032217
10.192596561136998 12.722651566328523
13.581076421427063 11.459533991059965
12.224016210842239 13.433030913472855
11.385034605036246 12.744911974777995
12.799772503475635 10.890885137754195
10.344757668834827 11.855458331259328
10.50531927986698 12.585256656017584
12.461533031138067 13.907536794503883
13.212646122185134 10.548740897438465
13.390695556355508 11.290114286144394
10.127993382842831 11.808869558310816
13.297207523116276 11.303567538819088
13.689711932761707 10.35393260472212
12.489978344108813 13.703588930746475
11.062315532027224 10.72734032350072
11.775989907333942 13.047546465166892
11.876951099383616 11.007878818983887
11.219998258124157 11.510389280016549
12.841683754924167 10.124327936359748
13.325956430952218 12.85761636650403
13.58217751646436 10.150597858326698
10.070535958694352 13.30308121108441
11.784182779778334 12.919677757467117
10.363955659584157 11.831585946751165
12.431593032304004 11.794405765012517
10.76086637623255 11.535830353122506
11.412567135593912 10.864173749312025
11.515942136101568 12.33838268243113
12.439749295278686 10.207268234513311
11.699054876644826 11.021599582881146
10.51950412209288 11.638384860088456
13.084576182883794 13.158402232788033
12.56986891310439 11.82383298030829
6.248579651423302 4.496841173495254
7.340865182950662 2.9567153598712426
7.710221595931539 2.7492525678287842
9.257715075626653 3.153818367174827
7.159231512293978 3.4535370929546425
9.481709721572471 3.1731280718532178
7.846964959857512 1.5808503486410541
8.43707981719144 3.3049301360211607
8.988642666005031 1.4000147513712777
9.599989938691035 4.970650049856422
8.807331001736497 1.723981786436409
7.439110281098284 2.5603020751290653
7.568279737142824 3.7423225814682204
7.914826738608449 3.5880762583082144
6.692445773914734 3.991862303977564
6.201217481476235 2.0973920836394457
8.905532991611846 4.052063808058593
6.129948116029025 2.8448138111577848
8.075277504562901 3.5057505484385865
7.33357836334622 4.746254611264942
9.701485243477407 2.0207021605203996
7.68613937390806 4.547919501182538
7.3231996069057885 4.172977286271517
9.156782323574355 2.5069974679641143
9.875148970582263 3.1267151665244057
7.119073066225614 4.682896466498741
8.216511223023268 2.3072239882387
7.40118375628684 2.976718023203588
6.341901051957533 3.6245414116253816
7.287697248143283 4.191344573804661
6.459567458219226 1.939216777120615
8.33985960482675 3.1688042050048657
8.564403079225457 4.543029888125929
7.44216950999831 1.9367295799154611
6.278189409558074 1.6874421362509016
8.493895190749164 2.783758348065547
6.210645417179537 3.0451947109146658
7.089215084082078 4.118612765196611
9.210164614874268 3.3968514232901423
6.602966261195723 2.173689625903791
6.886432792523893 1.7031028631231377
9.270044099397138 1.4735444143482637
7.877566583103498 3.285725344974614
8.855621709118564 3.4676505837581804
7.087435385759864 1.7456876844543934
7.491757796979968 1.5261355765648377
7.902871227209527 4.050295704017643
6.277791541194113 1.7949275574087933
7.0186627469699925 2.769932589417412
6.835071037600397 2.702373973680899
7.972105271314822 2.6430307343933017
7.39400044901014 4.761171270589536
6.8163978236712754 3.9939724995175623
7.227188307687076 2.994113993621664
7.004454656611771 4.677548001360951
7.314791635413305 1.4585750640459847
6.2738793863195195 2.7201710878283363
8.83751956666103 3.7226001403191957
8.667634330425164 1.6237644117403844
9.534973331584267 1.9560055652989825
6.933831628880714 4.023936414589112
6.483441816528038 4.034585422416303
9.910375013505574 2.840547849558882
8.819181169132841 1.1166102244679297
6.790950917695518 2.8554825149990815
9.590570265379691 4.102317535737445
8.276655786975459 4.074615314355222
8.33204864297735 3.7334940396200063
8.959420300922183 3.0236115875056395
9.485641650138334 1.3114506666113166
6.520605074081736 4.691922098004025
8.892660711417264 1.3872734249211467
7.273827190360661 3.6326979717158294
9.326141575147567 4.2100519669155965
8.5833866359905 1.5647634752658033
7.461513658425892 2.1545185317551043
7.170625157381658 3.3977047787600467
7.785306173407003 4.37388753335626
8.894296487091614 4.500106456560918
8.754623200779443 2.6633193420835375
8.165894952049735 3.9603635222955673
8.93409096761817 4.272097929967487
6.1284031261279015 2.081675974916437
7.905034267236557 2.3359670679704676
6.9558188747477505 4.058731016981783
6.452102711600447 3.6856811748003264
7.990587309831939 3.564790250569971
7.20199712035194 4.304136802060658
9.016914904529981 3.2810659632624923
6.045532576806496 3.0696674080821365
6.220945017211248 4.548673411494576
6.420121381228153 4.106810579226151
6.2185486276618 3.7948886639908053
8.102358602142981 2.7717322543849483
8.10833312829398 3.1058030857166252
6.324202780765759 3.245378751254542
6.437419197193561 2.7327775939497334
7.229435596968145 2.6316881681840685
6.0679176701324415 4.806937470472105
8.004827414111816 1.0397528151062936
7.2082887143663275 4.5837905267503025
9.941714421760729 2.654382349189047
6.393086792825041 2.4417236101513033
6.720959078243708 2.182474310043036
9.149334634663763 3.4237113147727505
8.5465611918835 2.2126143054948266
6.965754350446757 2.2896398962448843
9.246709938404937 2.5344156865256613
8.796050266407217 3.643626732324831
7.611199055634256 3.4491714375794387
7.406551149032223 3.7434827779359905
9.125312268817652 2.564218498012428
7.731555170059122 4.6587192152902235
9.521467720503392 2.1689356553304195
9.396177389772982 4.434789512836739
8.690522433595005 4.043718742794006
6.339685533612132 3.120452410722559
9.964163184097606 2.5511655647951073
8.016987026129119 1.3178755596022915
6.228324021204292 3.0689523385151407
7.676373486293214 3.288993908769768
7.551948376500688 4.183346624325718
6.881877567518907 4.364505910728887
6.434049926232921 4.720139405432025
8.5116620785393 4.735428669109485
7.019294903474444 1.94881651067867
8.113684484784109 3.595438671644634
7.972883320303891 3.2831819441801002
6.399740665204833 2.177909636294705
6.04128171732375 1.0792600189454427
6.402912235765736 4.390412593260116
8.90574443560882 4.872508608054238
8.197401738196135 4.44202679583921
9.438830046184481 3.9347120456613554
6.308059831662019 4.327719446045756
7.213926514276135 2.558224191970522
8.920300446300988 3.492793819337506
7.5941484239531105 4.450732303475225
6.863277854721816 2.035301830789016
7.981226321712944 4.540772668573881
7.735604706032531 3.6738119769307755
8.053172144039943 4.944034058236458
6.648635266146634 2.7198039952854893
6.339538993480023 3.820175825134673
7.951177406844092 3.304546998063787
8.197807364077612 1.2066798222127413
6.287308355690422 3.5812596729472848
6.886197359901438 4.356953968160056
6.380870695255016 1.061978533380032
9.235666518789555 2.367430084804825
8.735344287886203 4.577096589879252
7.043809141135031 3.8186705777250287
9.73375210767294 4.616032518016958
7.581340458157436 1.0777101463675254
9.373806993478219 4.872685699703418
6.830724406750986 4.0690225050311835
9.436066728542247 4.563530536900794
8.81759119009141 3.149858416829878
9.093346893327755 3.879214826108205
7.8112899990279185 4.526154014832112
9.90561094075005 3.546840481492539
6.133199921456274 4.465315313550541
8.805131238666172 1.0856458089491632
8.449920798930288 3.7560201756717877
8.133485857665429 3.8548895832178167
8.585805491637785 4.050695211637546
9.307198065098378 1.767794816182819
9.132629161315254 3.150431245728482
7.943820301967528 3.652788619309857
8.958351141727453 4.74071021429121
8.150507152682625 3.924237580539084
7.676074198867248 3.9384950507025813
8.012504784811096 3.03733286176277
6.771819738045792 4.319695017664687
7.17660182188145 3.438057620184706
8.480477329789561 3.3490201970775604
7.232151259961284 1.662530280620186
9.258045079822143 2.526457344304334
6.28573821712308 2.709807906188785
9.294583356610373 2.6601599285370185
8.979133728793213 1.8279158191339273
8.99565812492736 1.418747763318938
8.416307342773699 2.7017253432791706
6.730218340247452 1.0295469941203095
9.61828090059989 2.350804267581289
6.211379876778082 4.061751148996952
8.99357342299669 3.0287770705685375
9.534014265961689 1.6942335678601763
8.965893000930745 3.621794738364101
6.832151443369056 2.499097876472724
9.61130677770157 3.2650890765461575
6.9625718264913985 3.690458271738438
7.40706138338785 2.1816597544375687
7.336554448616757 3.223517695557193
6.184522940176294 3.1762099653785714
9.684422252363271 1.0541203583410592
8.92639900240785 3.3980386906425375
6.4376615992792825 4.225827972520319
8.614157804466384 2.0566705214157004
6.277520629660053 4.287265063280394
7.292780791696686 3.892778592590001
8.097454803946933 3.643675704735273
6.855000024472109 1.0902674740959513
8.502620727322732 2.6064237542559026
8.120753522329922 3.9297495389015236
6.786727281146922 3.280550300798196
7.887359090647678 3.8535309338727575
8.258057181379142 1.694259791787002
6.347553303974635 1.9006437943483978
7.722389822411312 1.0822657211842475
9.835341703120633 4.555968788414942
8.408479740980388 4.703288728400067
7.8206826113563785 4.700634063478111
8.307398851910019 4.986488664941751
8.95841726109059 2.7175988688767925
6.990041189789881 4.102863444770933
6.8394757992771975 4.801182251626317
6.605847073287929 3.3873615850179832
9.971067369023105 2.0449965498707168
6.109055847006326 2.806734400821289
7.631497087780973 2.966354621995279
7.766811151258835 1.13810287972807
8.641269894928158 1.2349189624317383
9.531487936325549 4.5417248195202875
7.427229870372736 2.4117103631859496
8.082530672896972 2.599570782387243
8.863210818376979 3.8207688465079457
7.518177305709814 3.9564686824269204
7.907343298412381 4.178806415408736
6.941950133612412 2.3214883883666206
7.81349297861391 2.714369542805091
7.627136137792785 3.65740294749201
6.515346176802025 3.778988176130668
8.590599135843181 1.2709753492743592
6.666608228638456 1.7530451494202524
6.595923726841824 2.1297438008290754
6.346819179992101 4.553070143031356
6.8705180025427754 2.44320875041766
7.996245082255075 1.8486411978915638
7.675682610033297 2.0057268498732927
6.0184535874312095 3.1353656781038683
9.5778833738196 3.8552740808474826
9.67771099421731 3.507624729806833
8.062877169311395 1.9777160734701544
6.8458817326631385 2.6814804577273605
6.159761460370486 3.3545964195398708
8.452563986220797 4.779207993374339
8.361744879867496 3.3109078223772763
9.342352143464199 4.483171776108862
6.260738362078843 3.575736556799792
8.189464888109754 1.5276490985920508
7.949888171393095 3.1361896842114656
6.132765904151061 1.3646253430443114
8.792598827879148 4.7531540270482875
9.799934218141965 3.0885336010684874
8.553046849907112 1.2545545086637522
9.856067004917135 2.284598038169467
8.43303379761427 1.598756405651827
9.997084971928718 4.308505395572644
8.299452226455287 3.7705550022289946
8.87776278700112 4.935024643075649
8.808282880235044 1.5470209525483538
6.527587825072926 4.165963231094819
7.590891784990996 4.830546028675045
9.28896083565745 1.2630877886693974
9.135790261645287 3.75535279249908
8.088970681944025 1.5859165220481684
7.41960000323971 2.872059867413604
6.918738545654201 4.042779255696211
6.25416837003945 2.951480262269754
9.98083342531309 4.762983333956271
7.469074341946314 4.274677344658406
8.486891138328886 1.0652534787734242
8.34064604777166 2.9134775750517456
8.500154784629505 1.9229093072253716
7.77158699428257 2.5696895734685947
6.916802722356845 4.426511563156284
7.323533542466796 4.427699822081571
7.5711931166215045 4.012754219592542
6.604362395086611 1.2883681521114645
8.742062854700672 3.8878774542429375
8.073369618472164 1.927953945138798
6.326923799639303 4.347481040112321
8.729631035214913 4.6145822393026545
8.103761184217559 3.436610780583975
8.015055069543672 2.779459125348419
9.107050738569681 1.3345258675590843
9.543659402133857 2.4107151004733742
7.759315398940844 2.6703503773019084
7.8901560765271785 1.429585957668766
8.965818987235894 4.622208561484683
7.668777524553331 1.3498023666980363
6.679602844642715 2.007502092706196
9.459981737099795 1.427030937050212
9.713375614428212 2.817846963939018
8.020825207266178 4.656957733202672
9.1113984950143 4.7235261935202875
9.942630091059408 3.96190973720234
8.893737212200417 2.95617260637574
7.080002412033801 1.9918299264676533
8.652759434984052 1.0992574013985643
6.741674297585248 1.4912313373698352
9.055710023539557 2.7066005102683177
7.324204868533483 3.7356855819919015
6.096148777038018 4.71872809050106
9.820085122937469 1.050845167762413
7.344779237057153 4.843953366584179
6.042332159748842 4.998004306834895
6.311677025925828 4.31710201660654
6.8979631266363235 4.403026600153062
6.289906068119054 4.32652229308637
6.8969514332325375 2.043540932123365
8.594485226715072 3.930780215806157
6.590976536946879 3.108187468553568
7.589863454503132 2.188084940712622
8.90379241425558 3.686438894140062
7.378054323434839 3.4921216655990506
7.557468059350654 3.463996170940756
7.972450173792074 4.5056027547081365
9.077160327550928 1.7762937511154813
7.100422038147515 2.053795715439244
7.113969973670342 2.5631716769422668
9.305032514678544 2.822660438422842
6.835386107917272 2.5863794390582613
8.71868519869657 4.598372769287347
6.289281136550028 3.414489124912727
8.41023315991511 1.9621226046072966
8.579392064151026 4.524879746416527
7.341761998388335 2.8285425924689607
7.382562934157866 4.706000884634739
9.654514679577781 4.553605532910117
7.572776774279431 2.2144025911056975
9.301093130384386 3.789556249180531
7.1510214883603584 2.364801093872711
9.752788328755118 4.849239211096304
8.357039560017443 4.989949901546603
7.131019813474976 3.4958978355967187
6.11066206387027 4.235458442371477
9.279433657627516 1.5276759230552184
9.993974870014558 4.594993741469889
6.149068232460969 3.8877606377315437
8.603708362121855 2.2898901921942274
6.483197747785027 1.2648394407577177
8.141022109448151 3.2502389669586162
8.986913175529068 1.5328262756943438
9.92275598272413 2.5702231524782415
6.876085631756238 3.1752650219172147
6.8496226001805836 2.589706276415004
8.916221007210883 1.7704414986976302
8.173876469982162 3.579601564909507
