805
-4329
12709
12417
62129
-6515
-31617
-9985
46089
97089
96017
36617
98919
27229
9669
4364
-495
8636
592
42069
84539
165
21049
-4892
17109
-2369
63917
9067
83119
-1779
45789
83517
8037
46569
80169
45689
1519
-9222
-19217
46259
27509
5687
27439
-7801
94009
-9610
1505
-5993
76729
5791
-6440
6182
4979
7422
34599
-57517
67217
1237
-7514
6625
-8495
-2034
48579
-8920
23889
7319
-4464
99709
-8915
17017
5939
-2316
99917
-2572
18669
26817
-9027
-1629
-4807
5526
-7229
8283
49359
75699
22439
58417
-69117
53209
42969
4276
-5513
-68517
785
-3686
-2386
81469
38717
6498
-7737
-8555
-667
8484
61889
9737
76339
9331
2367
49517
-7795
-7215
-2692
68417
48489
-5871
6976
32959
-9480
16199
-2320
-6479
-4514
3377
-3066
41359
1333
2893
53139
38169
-2238
1520
-46317
-4022
80449
64249
72739
-1243
-41117
85849
-2015
51629
-26217
112
-64017
25809
51569
256
81089
-75517
-4841
558
5667
96869
2822
9037
40199
48139
1538
11779
79399
69189
73609
2799
-2760
5861
77979
57117
37879
6462
-1474
5812
-34817
-28517
-3073
43929
-9302
67709
614
-5025
-14417
39479
-25
26317
36139
3571
7548
6955
-5124
5071
2095
59779
-3112
41617
-8551
8504
70599
44617
-7500
44339
81069
-43117
-97717
8413
-5686
895
54199
9841
20329
2955
-58317
335
9219
-7106
-8369
-1347
24879
552
-72917
4867
82409
56917
58979
31369
-9785
-4494
-25817
4430
56649
6032
60129
84639
58219
8266
-403
6663
64909
1451
2104
2750
61189
63309
35429
6212
62339
-3307
2206
66419
-5385
87039
26769
46789
91049
90649
-3806
69409
-3880
6938
-39417
-8058
-6991
23517
-27117
5914
32139
56099
60059
53479
9758
-2371
-1246
3016
-829
31017
-278
4796
15599
-54917
59
4040
337
-66917
-26117
37549
-97517
9414
-5458
-34417
-27517
-4175
-35117
60139
3627
1265
67589
90069
-5327
-8874
3089
27117
9763
72039
58139
212
23817
58389
-6411
-5505
866
62499
20509
26599
92417
2204
87789
91517
97449
3417
53259
-1230
-3640
4183
72417
-6692
80869
44999
9049
-519
9795
6847
9869
-3378
8787
-23617
2939
2245
7263
-2388
154
3049
85289
84369
58779
97117
76617
73649
39559
-84917
-25217
99717
82039
17649
-3027
25209
21789
80959
55319
4939
66939
6503
44029
7890
-70117
4458
5228
96859
16217
53149
76569
745
17817
-11317
39639
5457
-65617
-5516
35879
-95717
8112
1610
8837
175
-3211
78069
77017
-9760
42659
9129
83529
70609
-8820
57
952
6012
27717
-3412
81899
-32017
85869
44809
59749
-39017
23379
-2029
-7920
95117
4101
9748
19729
501
-8786
-6024
60269
-6512
24529
43529
-9377
37429
99369
13969
22129
-4314
15039
33429
7262
-9265
33609
2723
2266
29099
37369
-59417
8049
1438
-64917
7300
20819
44399
37649
67959
7838
43829
18689
28319
277
84499
-7633
-6636
-11517
9749
45117
1921
89459
93869
-52517
97699
-9499
74389
-32117
92349
-5149
123
46229
-8612
11917
-95517
-3969
61779
11759
-57917
383
50017
51659
637
1640
-86717
42849
5849
25029
6437
4252
7035
50929
12339
6356
-5723
64239
-3516
9432
19229
6832
2259
57149
-79417
391
961
-85417
96549
31539
1132
9319
6103
49899
-9479
-3040
-8388
61009
-4815
93819
-1283
12239
97899
88369
5598
-4871
15919
-87917
6097
-472
1037
476
-585
5262
93259
71939
26299
-9798
97149
2796
738
-39617
-1419
802
-42417
26169
48169
-3637
43849
-71417
63999
6629
-2175
-1275
-17617
-1359
-3709
-1161
3919
6105
99829
142
8393
12717
56339
17329
-22217
-75317
6309
37419
8559
68009
95417
59317
2103
-51117
73919
-4693
6588
5309
-13317
-1721
-73517
49909
52239
-3124
7072
66017
89079
-7641
5917
-9349
-2588
93669
1190
-2401
5184
1442
71799
6769
-10517
-13517
-5731
76029
-5037
26909
955
-9894
63299
1500
99639
-43817
46469
18129
27179
-59917
689
96817
-566
57549
-70617
-25717
6394
-9090
-516
70717
-3009
-7490
30439
-7288
602
67089
-8144
57717
-8737
-7440
93417
5653
56609
6599
43539
33317
7078
8763
70259
46819
-27617
58559
146
-8641
-2208
-709
97539
-841
25217
6509
8344
8949
11517
80317
96417
68819
54619
36109
82299
81209
32417
9674
-4683
-50317
-3394
-1989
-76917
13117
47359
8451
8184
2313
38989
774
94217
-2835
-56417
19617
1483
70319
2101
79649
135
53917
-2110
-59717
-2360
54919
-16317
-107
87949
672
7669
-2796
-40117
-10017
-1835
2989
54779
-8186
36759
-1437
-6573
-80217
4923
1959
-8476
16959
78817
-7121
94689
10739
2886
47209
-3436
65549
-7725
1978
2177
9076
8831
9797
47129
26019
92217
201
17759
27719
-57717
-3056
-5791
39219
86349
25299
57589
60069
-4370
32599
-9743
-6681
54309
20129
38919
8325
11449
-45417
46309
4077
70409
8153
-36217
-5553
-1308
-27917
39439
83659
5781
26149
29617
60317
54929
74039
59369
9589
-5305
422
26649
-23117
2887
4670
222
11309
-3348
3834
-1891
-6356
66879
39917
92169
7339
-7690
4406
792
2046
-712
6586
83349
73917
77569
-9691
27159
60417
-6537
61399
19817
6249
-36817
78099
925
-6946
-2863
-3362
92117
-6380
62209
18409
71789
31169
-6398
3149
1393
30119
77549
53817
5179
-183
44009
6243
-9044
8050
88089
8215
92079
84817
-19117
15619
-315
17059
5951
42199
97829
-30917
544
81017
79009
42739
-11817
-5980
43819
8790
7777
-3922
25609
-11617
74459
-1156
26509
-56517
-6754
-7128
5147
78889
-1658
1822
-9846
2601
41149
4719
14899
79719
87669
4898
93599
2738
45049
-737
242
3066
65059
1059
70139
-4982
14449
66417
-35617
4438
24019
-659
10519
19879
11769
-3209
-7600
7389
85029
53117
5672
457
33689
7372
90679
37417
-87817
25919
19379
14619
-2008
80439
1919
83089
85679
8733
98209
41417
15017
6519
-42217
-3055
84839
-5015
17119
24119
14189
11899
9460
51299
84689
93889
4593
50617
-9145
76039
4925
18059
48449
6525
49839
-6777
25269
6919
77919
15917
4937
36089
39729
5018
65209
93717
88879
24469
-1845
1545
789
14517
64169
-7255
92679
38339
36779
-8155
-68217
-5198
42499
-6539
2978
1911
-4034
18579
1641
155
4723
-1395
6054
65617
13329
72679
-1842
6590
783
-5115
7733
-3728
-4148
5137
-7101
5555
-8577
2277
48889
-9742
48389
26859
2092
-7804
-230
2322
20299
68317
3221
88299
-96417
-1515
5376
-97317
63517
26439
34409
89117
95017
-8284
-7415
70017
636
-1656
7410
16559
10217
37017
66059
-55717
52579
24549
6208
5796
-9993
95909
31917
940
36649
28559
-60317
22409
89179
-95217
-6950
42079
21269
20939
662
432
5954
56219
929
83889
24149
93419
-376
46249
15319
-2589
3907
-56017
-72517
61589
98859
-1612
2891
-4821
60179
64217
-5633
-612
8403
505
91239
41889
23309
94859
-4637
32717
23559
52729
68109
27409
47889
32979
-4539
-8686
89689
-6938
86309
92289
5458
-28617
89269
-7176
76317
-9201
5329
61919
562
56079
-1579
-5781
68249
1341
8953
15879
7645
4052
59439
63499
2019
642
20609
62649
10017
-780
61699
29599
-9401
78089
-62117
23717
2728
35329
-86317
48699
-64517
75669
7166
-4800
6619
-92417
12269
79617
5021
8281
7534
-6877
91839
-3155
3546
69717
6674
83839
8136
56049
-1923
95809
5149
-17117
-3384
-515
2657
63
7265
79669
-28117
-89817
-937
48529
-7397
-1269
-42117
62289
-5594
-7611
99317
-1573
-3712
81817
-3373
56679
92617
3413
61129
35009
58479
75517
3613
-68817
7085
3473
5682
-1863
82517
6317
6345
-8966
48289
46609
-51517
73519
74779
9664
92119
8628
8299
54317
-5182
85389
62817
82739
93917
9338
8825
27539
-74417
53617
-2537
39849
54509
3708
43809
51249
-27317
35179
-9712
7320
59249
-36917
-9524
8775
-9711
-3643
2976
-69917
60249
5359
-2546
90917
70799
46079
55629
65817
78259
21817
2957
-40617
7424
196
88417
7439
454
1956
4879
34917
3705
51879
97999
50249
-6747
-4398
-83417
66409
-4072
4302
34629
99539
-6342
69489
8120
-87717
4189
92829
-9812
6316
58069
21839
-4518
-7722
-2931
5058
-137
83317
5836
1476
5471
10129
-4458
1097
632
2651
-26617
-5438
33089
55
4431
29499
9099
2315
-2870
-7634
61417
-88817
2739
59319
1043
-7032
-9676
89339
1985
-6049
9908
-5544
29069
-77517
92309
1778
68549
91489
57039
-1260
-1105
-3879
-5199
50739
64717
9734
7009
-1862
39699
-4096
114
-9390
5156
-715
45617
-5533
-4615
48179
76629
-8753
-1212
7583
73779
17589
-22717
48317
71317
85859
-5112
56199
-814
-3228
-70717
4058
86909
9429
31019
94569
-5567
82369
78579
3676
81369
40419
6624
66499
-50717
18279
-1945
78417
7590
2026
6614
93617
46459
54879
92889
90329
62719
91099
-7749
33809
54419
9636
-2022
-5291
-80817
4175
815
4698
10399
13899
8268
7279
-3058
66317
36999
63929
23999
89999
67179
-52817
77029
82749
13299
2279
-52617
40999
-3652
-59817
49599
-6618
-835
9740
79159
-8583
-61417
6218
-2712
-8125
53459
-9204
5604
-31917
49429
-437
-79017
36299
1109
78317
-3167
5630
3866
77819
77529
-7352
30499
15549
-57617
6244
72709
5991
6149
-5581
49619
73117
38059
67729
272
-37317
-8844
68839
5119
66619
8779
2169
45717
-1100
99589
-3844
24079
3714
5969
3129
382
84659
-2215
5239
40117
8582
32117
58119
5710
6940
-3110
6821
3822
36639
61817
-81017
-702
-5174
-2427
2175
-1354
-7580
-89317
-64817
9978
41317
9603
9661
25329
92939
87329
-61117
9585
-9376
-60
735
4150
61289
-9937
7026
-2080
-7631
-7744
-8493
95659
-237
75117
86019
81979
6542
4699
92629
-31817
88049
2704
56469
75469
479
-8937
9376
4134
315
-95817
45329
-571
-8990
852
51717
7334
-4466
12909
6979
-1606
882
29679
99739
46359
22417
87209
97517
-5690
4263
94049
2360
-9115
42649
60017
7537
2373
-5671
91029
10629
77909
-9552
9967
7469
2427
53319
22939
13439
60217
2324
50117
-6621
6242
22989
10917
-5326
86269
-33817
-68017
14109
6152
60459
31559
-63517
99679
8647
834
-3610
24659
2847
8189
4596
-49617
94079
-1843
29269
-95117
6114
37859
-9780
85417
2679
44419
92329
-8141
-840
-158
192
-7701
-84617
2272
392
2494
14699
73909
-4976
66179
73479
-2997
61649
8531
75417
60699
-91617
53559
80539
12889
-4082
70979
-9409
54719
-4207
2408
-60517
11409
-8409
53317
89989
9652
79449
64017
-1932
53859
6255
-5312
-4346
62217
19429
-7123
38817
62617
9347
84449
71617
81749
-74617
-77417
-4732
23617
-56117
-6612
-9119
94099
89817
67059
402
74317
-6696
2194
-46917
-1763
8730
-9297
-4067
40319
43499
5966
89089
-5376
54259
-42517
-4612
4025
96449
-2999
97439
98719
63869
-75617
-8715
-1184
4830
-6498
91989
66949
2470
-23517
5916
-822
568
7919
69749
-8247
20617
10717
-1413
682
-2444
20379
-9832
75219
34859
1125
6419
15869
-18717
42817
77417
70219
-4978
9901
82899
5465
-8224
-6804
45809
7835
7437
2281
-9627
1535
-1362
-5676
69379
63017
-9680
-6709
5038
6278
36017
-7212
18679
84419
-5061
7887
53119
73379
6869
9523
6271
96559
73217
-5357
17559
81279
-2709
56209
18249
92449
70379
17819
-3037
-20917
14369
42949
-2403
5081
-1237
16569
51769
8679
-5121
-1106
-5365
56317
80819
15309
-7120
6993
54849
-64717
-3460
9874
77989
45239
97029
1357
8315
92599
-2624
86479
41799
4606
3603
-90817
89949
-9061
89219
-8765
1177
21999
-7058
12759
-9958
91829
13529
34539
2388
-8713
7569
21529
-425
76229
-1289
66279
-9329
-9388
89209
-3737
7920
2954
-40317
4442
9541
92639
8456
-4412
49509
-7818
12039
2618
33179
-1015
-58117
25717
7742
-2337
1693
61319
43399
98717
3541
88669
-73617
4054
22317
-1331
28459
40389
-2706
-8077
-54417
-38217
7245
-8685
6117
-6229
-3811
-2138
8614
72079
38729
80717
2151
6387
-65717
93619
-4681
78359
9564
91859
4827
-2432
66617
-46017
-1072
94479
43429
87617
56669
73559
7623
-5832
-4501
6937
-9015
2133
3159
23917
-3773
83259
5636
47689
21017
-138
1793
-6780
7359
9559
6556
-3740
38139
285
81619
-1915
1428
5571
-5049
-62517
5073
3379
-24
-9307
12629
11289
-3267
7148
-6937
202
88917
-67317
-9983
44269
9389
35519
1612
71529
7791
-1130
-5479
62359
39829
5437
11317
7554
35517
-16717
91419
-9465
53609
48617
2452
-8146
77899
-29517
96879
563
645
24579
-63117
1580
44117
34717
9365
34019
-17317
-1392
-92117
48829
9222
26499
7079
-1022
33779
10609
543
80217
-3960
2091
-93517
45919
9567
-5926
55429
44569
14969
66649
332
-2737
62449
77079
-1174
9237
29999
51217
-15717
1674
-2484
32217
5391
-3957
7236
6849
-8615
-82117
67239
-7405
3059
78109
9081
92219
-7588
825
4599
43839
-12317
33117
65079
73329
7967
-55817
5664
96717
83019
27799
-7086
5669
43617
10349
4250
-7091
29939
89189
-13717
-7088
9727
7819
-8189
-80117
4212
-3129
-7902
60717
86829
4679
-3586
65917
-9370
-45117
84589
-1324
-33717
88317
9832
94617
8159
-2178
-58217
13749
-3549
-3193
-6353
90619
3499
19869
582
-6715
7451
-48817
2298
79717
-6996
92817
49649
15989
35217
635
6768
80617
86917
-23017
-401
-92017
65509
4875
24379
9279
99117
94349
74479
-3376
41029
54717
8472
8610
96849
-1124
6382
-8281
72529
67917
32969
-4002
7737
7621
1482
64019
29609
74517
75029
80009
18417
-5810
-17417
-47817
6416
-1309
-8877
23017
-71017
2953
-3206
16419
5502
5596
1189
77359
94389
-4668
64759
442
35017
30649
61717
26049
-21117
-7414
-1433
9359
57217
73309
-5188
7993
1468
-5498
2200
8237
18649
24559
-8012
-7258
7779
98499
710
98917
87749
-7777
-6900
46417
8959
82117
-6542
84729
86569
-58717
-1875
-2933
65639
11239
59117
6129
7951
-1387
53989
1141
-5560
50417
92269
99169
11799
97629
-5562
7478
-29017
-85017
66209
-78317
91379
-7103
83319
34379
-81
-10
-79117
-8832
-6700
96369
49317
50609
25059
98549
-2373
89929
1993
-95417
75817
2591
48129
-30
-5715
99409
5003
51099
7046
3564
76529
41789
-2912
183
153
9296
60929
1676
-36517
18529
3529
17249
59259
73517
-7273
498
1065
3252
17689
-3676
3688
77099
33859
47789
6273
-8982
-6139
-2939
10789
81117
63029
1017
-49117
-268
8322
-14617
-7657
28609
1075
687
648
7774
-3102
28817
10909
-6394
62069
-68
67749
-2265
44559
16669
9110
775
96617
7759
9999
-9820
-9359
22399
42117
5821
24039
-6645
-2478
87017
-5008
61217
5885
2161
89489
57279
77617
99359
8072
4631
80259
-2016
6529
-88
75629
7717
-2418
6582
7662
-53817
-66417
8206
10169
-5966
4720
-1469
85019
38969
-99017
-9756
87639
7154
84099
57829
905
-45517
76989
-9172
41539
5418
-61717
-1210
72809
58717
76817
96209
-20117
14129
-46717
-6335
-96017
-3551
24917
16289
26389
54549
-9746
14459
88199
-1245
-4764
-3913
88717
67489
-79217
71009
-1827
6374
-9543
325
3416
855
-115
-2176
-99817
37259
58489
-38017
29689
3600
65649
93117
91217
63617
89229
-91317
6153
-66117
-6837
-3482
-9179
65189
-749
712
-93917
22929
48029
9643
79839
17079
29769
16717
-902
3238
-6460
2224
-3310
-6035
-4037
4569
-2705
1651
71817
3846
79279
248
4337
42029
-7015
-7980
7528
-2980
-44217
9451
84759
6393
-9459
-3656
99417
-99317
-5634
6358
40517
23417
1767
3728
510
19909
70019
20717
-31117
9788
73979
-84017
46549
1484
87119
80829
-56817
-3101
-9919
1409
-2457
262
8117
87239
-4618
4922
71217
35869
-70817
4744
-1919
-7105
4156
-8485
-752
7371
413
-2668
-365
65017
5789
-5021
-67417
-5524
39029
84517
4537
94879
29079
5568
68669
1440
90
2760
-6635
90689
9817
18117
-7947
-8933
87839
6749
185
75639
51959
-3012
2333
1319
-4804
-41
82089
8150
-9547
41969
-4304
-834
3716
4702
4524
76949
71929
-6258
1209
96069
42929
-30717
-8616
82
2519
79599
2241
90419
39389
-36317
-5232
5706
3905
-60417
2918
-9537
11459
77059
-8264
62849
312
996
2509
56459
2510
41139
3865
-4949
70179
397
-8437
97019
1307
-33017
1019
6544
145
-743
-7059
-7877
43489
9977
-3028
-2898
4338
-4323
646
69859
31099
76129
7622
-9414
-7679
-6586
5296
-94517
-46417
19919
3719
-27417
8952
22029
53829
-6651
34117
-3382
1658
6229
1257
71917
-5337
29517
20479
-2139
-5023
2171
82139
4229
5925
-5486
90059
28829
4148
-84117
-1089
-81517
53159
-1026
-3269
9337
-18917
1589
586
3471
61669
-9876
53517
96529
67817
37617
9282
4399
52769
8437
64929
-2424
1992
67717
4277
-7812
2695
-259
74309
-1577
4137
927
7948
49189
80989
17417
-7387
4988
67719
-5733
-47917
14417
-26917
21959
-475
72369
68489
3929
80017
52017
1623
-6256
8669
78117
634
-2784
-9611
-5144
91117
2401
4057
-2499
78879
4390
-3201
40219
8709
1539
96109
298
15117
-16517
-5262
30617
22629
14909
20517
8584
-5949
71909
-60017
66079
-2612
-47617
6578
-8512
96969
-3043
-57217
-3082
4751
1973
3189
17849
85
-7028
13409
2497
17129
6778
98169
25909
1518
-8226
-32717
42899
20029
-6129
68817
3890
2568
3590
7997
-4228
31717
-9131
2888
7884
246
73209
8677
54939
79249
-93417
-3200
-3128
-81817
74699
49119
5847
-13617
-48017
-7372
-9615
47249
7019
-956
-93717
-4649
2535
-6840
46189
7882
885
22699
-281
8969
3243
-5969
-65317
3374
1312
-9403
-8968
92739
71359
-61817
-16117
53729
53569
4768
6899
6053
4500
30717
17579
38117
34159
-5132
-9923
-66617
4311
9936
-94717
4546
9724
26517
2833
7980
51189
-4735
6191
94317
-4083
62379
5530
4029
4149
56629
8471
-6261
80239
2977
-5618
232
193
19317
14599
51417
-3337
8480
-29417
2137
-7963
8576
-2924
46539
7678
-9113
26519
3169
-12217
-17717
78919
-71817
29699
99649
1459
71579
-9625
-6812
-2725
53389
-50917
19517
3087
-9053
35119
-93117
-42817
4219
-8515
-33517
-5114
41717
15109
34559
17617
-47717
-10417
-4609
2330
74199
7499
24479
2751
16317
90199
-78917
-7237
-3480
-3115
-9210
-6543
982
-3125
-5449
51229
22559
-8998
6239
-66817
94849
55449
-49817
68589
4989
31617
89549
37149
-37817
-3889
58109
-2182
6743
-4648
20317
-1008
14919
4391
3550
9773
-75917
7828
-1661
-4684
1614
71209
68599
47417
-66
41899
94409
40439
-55517
6524
-463
-10217
-4359
76669
9236
-89917
1179
42009
26117
3999
23009
38609
8405
35499
82859
-9813
30429
984
35469
-6027
-78517
-87617
-5244
7468
-16217
52829
56639
91819
52717
86817
9268
-2437
51349
62539
76149
62469
4437
450
666
-9109
-417
45119
-1180
5999
97429
5573
-48317
75939
-500
80149
1743
-9637
93969
56149
1699
-3238
111
22909
-6195
8398
-683
-4730
1860
3667
2089
86959
3799
70849
-1031
2988
8980
4608
85459
35939
-688
20959
87479
41749
7854
-98517
-6721
7867
41517
18917
96189
95517
-811
92709
-41017
-5912
17117
13109
-839
61359
99439
-2125
65479
15129
19849
-4761
64269
-4411
-5584
39989
3765
8717
-8084
3925
66799
3119
-6966
15559
-66017
58917
59169
58879
41369
52419
4310
82929
4764
39019
21149
32589
-71617
-2888
-86117
-57317
36117
-4907
41017
71819
-5711
62889
-4694
2800
65029
12
-65917
-1136
66839
93539
78079
-1811
7015
4574
-44817
4169
23979
48009
45639
76679
5227
-5156
53349
5280
5837
9260
85339
8710
4139
7444
-7994
-5775
97529
51017
50979
365
91979
9889
3337
34909
65317
63199
5590
3588
92399
34069
-6270
6839
8887
9809
82809
492
5447
3047
2051
-96717
-2214
3836
1165
98879
-7984
19369
8820
-82317
-6842
-89417
2675
15739
3298
-9412
-2231
-2642
93699
-3781
99659
12849
27217
94919
-1840
97717
-2811
-67717
16679
2034
782
33539
-5657
87299
10549
50059
4379
7713
83917
77917
97419
31317
8449
5519
91817
6234
90259
64479
46717
-3570
7447
1176
7508
40017
82339
-5646
12519
655
86117
84617
6339
40329
9147
44
76939
2372
10429
92279
-2625
7596
-5035
-23217
-1333
97039
65349
86617
73029
-6889
-91217
-7245
-98317
84409
-6187
-58917
2809
-837
39199
60569
8420
44199
80799
66917
57489
-276
16859
1082
60879
75159
31517
-40817
34749
57019
3669
-9714
65417
82379
82529
-6306
-3182
-1208
8316
-7637
2119
49689
92359
2828
5275
27417
-2812
39719
-5137
32549
54949
42369
64889
20689
94117
-3091
-9106
-2102
1347
7438
-7612
122
54759
5469
3039
-520
9910
-72117
88489
93089
5362
6683
-1692
27817
-9587
84889
97317
3233
6562
77117
-112
-6675
150
22429
-309
-25417
7075
-3099
-22117
-6095
40009
-8336
-77217
66699
-8913
-1499
-5437
-88017
-4572
89819
9658
33417
8137
-2923
7494
42239
56719
5193
9169
77849
89217
16899
4582
5554
94699
-4580
21519
79409
36009
29339
34209
36499
-977
1628
-3978
-6477
5160
38319
9705
-1710
8613
8348
4309
6099
-1115
22569
-3664
-8212
1567
98319
10229
66217
42417
-5658
34517
45549
1015
86529
9944
702
82559
22
3984
85369
2250
64679
26209
-987
87439
2232
463
-70017
94499
90099
9919
84917
5101
179
-13417
-215
-267
4099
-32817
97259
58217
26917
30449
9155
9814
-90517
-21617
2356
-9640
-1938
3510
-8967
11169
7690
8143
-7734
-333
39169
-6123
-7208
9075
56017
693
-6112
71279
3659
7464
-85517
-97817
-49917
47029
65117
-2891
-6092
1342
7237
-54517
2190
-2064
8204
3197
-8260
-9943
72519
42589
1724
3759
-2464
-5857
71489
81917
3954
226
5559
-6706
-5381
85209
-9456
2080
22079
71109
1269
51909
82317
-250
50089
8939
96349
87217
16659
1027
-2981
97069
2421
71417
69417
-7710
51679
90479
31919
72859
3367
-3599
-3798
4854
29529
-87017
87719
4905
-6604
-5644
-433
58369
88839
-9267
20289
72939
-9306
5639
303
9417
-95617
68039
-78117
21489
2741
-24617
82459
-6389
-37617
845
3749
40689
4119
-6831
-4168
72459
-6296
35549
9017
69649
79429
98617
-48617
68729
49999
38149
-390
5592
1171
67117
26017
-3054
-9185
39349
35159
39617
-3359
47959
69809
-9437
51799
38617
-5937
-923
-2762
35349
-5169
31499
-6410
-28917
-6766
7829
-4605
215
74917
-2732
87409
83479
-4928
-5800
35949
-8939
8419
-9118
8009
35629
-52
-8770
3849
-65517
24049
-2277
30817
68169
-9661
73579
7283
-735
83519
-6421
-44717
95729
84459
86919
78529
7333
4459
56899
45719
83849
757
19979
33869
40889
5159
6350
7832
-1711
72217
44769
82017
9925
-5605
-2385
8879
36917
15329
96589
-81417
58309
-853
-7008
-358
41519
80939
-9215
70999
2383
3537
17629
5486
8884
97619
-9212
3093
-2169
10699
-99517
47317
97189
10369
-697
-69217
6845
71459
-5135
-75217
-8253
26559
97417
16319
46389
13949
82939
-2955
2829
4043
13549
70517
6106
74769
31759
29149
-9972
87917
56059
9419
-8292
-8139
20369
68717
-788
48419
-4946
-9779
-7194
-1056
20719
-9684
73969
7978
9544
78617
-51217
-7643
-22317
9167
23029
15489
-25617
70249
36539
-1226
-5018
2532
38017
74269
-6318
20817
-2916
-37417
-1272
2899
462
69989
2578
1028
5032
-88617
-1855
-449
-9021
4778
-2992
32759
-83517
9089
7270
63919
94917
86017
-54317
78799
58989
-8244
7957
85119
74017
99669
-6208
5307
62
41579
20799
12279
3357
-4529
17339
69779
-9765
67849
90459
-33417
252
-8411
-6336
13017
7725
-6443
8127
-9598
-4924
50629
96229
-91517
9909
29117
28969
-45217
-8815
3583
-61317
5920
-1816
16489
8232
2400
7436
4943
96809
-4614
72549
-1228
-4975
80479
2667
3712
53799
4443
24717
-20317
6934
78139
84949
3263
-5421
19579
-8734
-8456
-8237
90719
-2321
92249
5776
-65017
74649
5017
-320
-251
20879
210
29349
16609
26199
-6817
1940
-61917
95879
178
42549
-8091
-3837
-12017
71019
24919
88359
45729
-73817
6224
-5093
-73917
3237
2488
395
-70917
-492
33829
7961
722
70739
-54017
13789
76519
1499
9539
79789
-57
12229
4069
-3826
-2346
2188
-4653
-6737
5595
68629
23989
64917
9742
16917
-764
59029
-8788
-7565
-7919
-7093
-5139
93099
13059
3466
4109
34369
5148
7979
53979
-6391
-9195
60517
-7256
-8957
-1615
85617
25479
-58617
-83617
-70317
16517
8029
-21517
42517
762
6902
7664
6699
83179
-25117
4355
54269
7579
2467
-37017
40
-4590
25509
-50517
49869
65419
8079
-6528
-19317
69817
8540
6805
-88117
11519
780
-2236
-51617
27517
65439
-787
-97017
33959
83729
18029
97979
5730
9061
67517
8670
11569
21649
1049
-78617
61339
48417
52549
50229
-5066
-3049
61509
3351
9757
-2858
-9641
31059
57599
45317
2650
19009
96279
-7185
-5451
7241
52289
-7161
9070
3278
1897
92379
67189
-6156
87249
-444
4638
67509
51049
-9262
-32217
23659
-3778
198
78999
-99917
44409
7897
47219
8940
-7448
-88917
76917
-3690
-12117
-5126
24699
-5472
-5402
7770
3394
23217
-9957
63817
-224
-18017
6929
-9344
53717
-43517
-1962
50619
76649
6201
7034
51117
-2415
935
47059
28819
-3030
90817
97059
28369
69017
-68317
-1001
67309
40759
-9235
71259
-13117
85769
-8848
2108
-1478
-95317
-42917
-8554
76759
-27
82429
39069
5779
-30117
-19717
-3106
22517
-1005
93359
54989
-2778
-986
-7175
-90917
97
27317
48659
88817
83399
-41717
28379
82319
80789
67009
-2235
17039
33219
3215
-3935
39159
3921
972
71419
22199
-4972
58817
-7577
54917
9434
2061
94139
55169
-79617
26539
75019
9973
605
-83917
-717
3672
-4423
86039
6173
90809
-5335
5924
8501
-6899
3156
3488
-7039
26479
88119
6435
-1868
6797
3371
-85817
26217
24609
64059
692
6279
49617
665
8068
58999
-82417
-8625
8907
98117
8243
-6319
13417
19319
-6908
-59517
-62217
1900
88517
1819
48479
78569
4270
-6868
54409
-5736
91299
43409
14717
-8233
-33617
9079
2974
871
2779
5129
59179
-4153
1399
27199
1120
-66517
71949
3161
1426
-9830
78239
-99717
81429
-7796
-5012
8279
15589
-7881
-13917
75617
30079
-4109
57379
-53217
52869
42599
90159
-64117
1512
-9877
1861
6898
80089
86639
6965
83269
-8526
85489
79117
59509
1182
40459
26029
33159
85309
7720
-2889
24929
71199
1939
8222
77509
54709
-869
-8514
70909
9336
82917
7754
9949
-14517
4636
-90617
36469
-8112
-2124
15279
8256
-5992
918
4353
22717
4994
6842
-2202
76699
-7628
6995
61259
-8857
16129
85079
-31717
-7788
583
-6079
82669
79217
61909
-6412
-9973
436
90349
7287
37539
29469
66189
79169
38379
3336
6137
-507
-8537
172
87149
34669
-4243
-3141
-24817
39259
482
-12717
29459
9318
-8037
66679
-7286
4762
-8270
41659
9509
-7837
6139
82469
45259
8301
5868
8732
22917
97139
73489
36419
13829
7941
76159
1709
-3846
95499
-3371
-1994
92039
52517
47559
68517
75309
20669
9619
83209
25699
65539
3644
29169
-4066
-7312
2461
-461
44517
-13817
5649
44439
1382
-6393
70929
29717
81189
-7315
-40217
-55417
-453
-39217
-1745
-9393
38769
45589
3911
-2004
67809
4158
92929
-2671
36239
459
78017
43339
3713
5037
49739
68917
4082
3311
-86517
32517
7762
-8519
71609
465
74117
3061
8395
26589
-2312
64049
-1215
82359
77817
7876
21079
62099
76789
52459
27559
91869
2598
-8866
-1255
-8860
63117
-5278
2934
-753
93229
19099
56419
-1104
-64317
-8147
41119
-96917
34099
21679
70469
2489
5818
-7196
3134
31417
69339
37299
11719
-4791
-3077
85669
-11
-1257
-99417
78059
-6912
-52217
7119
-69617
64629
-4212
71179
76909
2840
24799
34899
1798
38279
2419
-6237
-9323
-67817
48349
16799
-1646
-41817
30679
31817
535
15679
24069
41409
-10617
63379
18159
99059
-7694
8069
-88517
2846
3895
87579
23269
1853
50759
97969
59589
1679
-2993
38789
38109
1645
90239
1149
7006
16629
-8377
6939
2024
60917
40139
4637
5096
-64617
4407
-2322
2614
-7601
-63617
3200
-43217
68219
72639
43889
741
53369
58199
5809
98709
5723
-6337
-22617
-79917
10139
46889
98017
8522
-4137
34469
58529
7361
91709
72179
1952
98369
-5537
7225
16617
-8560
36679
78489
-32517
25859
31459
-36717
31239
-69417
9753
38417
10069
38349
7994
8505
90309
2455
58317
84769
65759
4291
65969
-5535
22617
-415
22159
-3603
-2406
72029
-6268
60089
-82817
-98017
-904
-4014
-5007
-9987
18329
58579
96199
9027
-6556
4709
-4115
9238
33617
-87117
98589
-9294
22469
67279
8635
79139
-4337
3409
-75417
3117
1899
-6354
3509
55639
-385
-7019
43799
-2438
5494
30517
14017
-2606
56289
-91
-50217
85189
9847
-127
-9013
3100
-6622
550
42859
-8294
-599
55349
-87417
9587
17729
3455
83569
-88417
65399
6510
89039
68779
25619
6214
20099
-4312
9547
-5867
-5194
6539
1439
3489
-73317
41917
-9319
51089
-3342
69429
66517
-9639
9030
14649
74949
61799
24629
-2391
24489
96309
9671
1021
-3884
-67117
-4776
37629
36159
21349
2065
-7815
-4408
43739
93399
-25017
29309
6189
-91817
88699
60229
88209
59159
2006
24899
73717
-2838
4265
94619
83999
3153
46917
5763
5398
9675
2711
66629
385
9806
32799
-77817
-8873
-5275
-5557
93289
59017
3000
1862
-2031
-83217
62317
50919
-1108
-6659
-8172
-8128
93559
95179
-9690
9464
52417
5870
-85217
43009
951
1570
2837
10617
19259
4188
90117
8396
261
93799
29917
4512
-4341
54117
-3212
40417
-6419
2331
8379
31789
5441
8789
-35317
-29617
69259
35029
-57017
87717
3154
65259
-21417
3109
71309
11617
-21017
-3671
9682
3437
-6454
-2959
82329
-36617
9542
5049
57909
67317
3239
-2837
16619
7865
7179
932
95819
-49517
2770
8165
-5468
8329
-7460
2361
93579
8859
36409
-5668
-74117
-4958
88217
76019
79817
10329
5349
2299
-4722
-24017
-57417
-6768
22599
85817
52709
-8953
9929
7804
79919
61179
-2693
3186
34817
80629
380
34239
-47517
50439
47629
-7761
-2301
975
4809
7789
14139
77319
3505
-212
-3951
75679
24329
-7843
5211
755
42639
-8918
2942
61017
68319
922
-8071
-9715
74817
45517
16229
-6040
70589
44317
45449
71017
1416
737
7959
64349
15369
-55617
-8009
68349
-7442
74929
23589
79859
-16817
-3032
-9512
-96117
9245
-4003
4933
-5258
4949
2376
-8983
4573
-7112
38917
-3577
73869
-19417
-3048
34969
-40017
18009
909
9713
1364
-3158
-9515
22099
1989
40799
85989
-2775
1789
9790
78369
-6809
502
7839
-6723
72517
19989
-4520
49217
4864
-5963
7928
-5098
5169
24317
-6221
67017
19139
-83317
8374
6007
-9831
18549
986
-6333
37019
59417
-1052
69719
-3327
19249
86579
-99617
5676
77
4179
2339
54479
-1917
-5092
94899
7234
98929
-1412
56239
27899
3029
57317
99929
-5360
6643
-1417
10819
-2994
25639
15539
-105
58617
95679
6499
-4913
-3888
8132
82909
5879
6606
-6853
59717
-3579
58329
60999
51069
-9050
477
3742
953
86669
1536
1133
67399
1282
55919
832
44817
87219
75589
4615
37817
45089
3255
5221
-1315
-5772
8649
36659
75
-9180
5679
51939
-7363
63749
-39817
1621
-57817
41859
37049
29879
-8900
259
4248
-28417
30049
3165
25917
-80417
19309
83769
-2128
37239
24817
94817
9133
4872
53339
7100
15729
-4656
-4737
45917
92917
-6666
4318
5689
2275
-9070
4682
27919
673
-2583
64839
11729
41159
435
-5882
-7267
3737
-3074
6660
-6001
-30017
82417
6247
9902
-3764
72919
67617
812
6178
-7318
46799
66559
-34217
5230
98529
6484
295
45429
94369
38649
44717
39469
68379
90029
87869
28017
7888
5989
-93017
-9960
33749
54299
7875
-7591
-120
275
3329
21879
42509
95617
58049
-5612
2457
24429
26079
13179
27529
78329
-65117
-46217
98249
-1676
25199
68119
59217
36717
-7847
-3067
8056
-40517
52309
7062
2842
90629
45219
10969
-3023
7037
11219
-7356
8059
71389
42909
338
82217
7137
14617
1063
9681
76539
1283
62879
37189
57509
-7736
44239
28989
-7512
-47217
37329
93929
5319
-5579
90799
35459
9599
21949
62017
-60217
98729
-6901
-9940
49569
18419
-9660
-4715
-44117
4790
79659
54539
-90017
8108
26809
22799
37917
-44917
50349
1079
39209
892
4795
85999
-3314
73269
-8337
73079
73189
37169
8950
16889
7672
75299
44049
1859
31229
-2701
76517
-43917
4365
-8912
-5932
87117
82219
71679
40899
8043
28617
-12917
34729
31139
34259
5011
-20217
48817
77679
85539
32459
3385
86239
5784
5276
5249
7845
37039
-1483
9996
21509
49117
80029
2737
-6679
11017
-68117
22869
-1829
2469
-2095
4275
62417
41169
75317
3837
95529
4527
44279
-5053
56789
-5404
8109
17517
33017
8093
-48517
-5086
-6541
77159
5443
95119
-3876
-3527
-9668
-7143
3369
66449
-6670
-9912
-34717
6923
-2038
-18517
18817
14317
94539
-98817
5046
8073
-8475
73039
71069
-9193
-2292
-9565
342
-9280
6215
67559
76099
21979
41229
15069
4037
-4521
28209
76017
7428
43989
8753
67419
5273
-35917
32369
-7435
-2148
-8204
5606
-7667
14499
5053
20499
55249
31179
-4859
-6137
-61017
2248
19179
1997
24109
32929
7017
59917
6258
6829
39217
73139
-4894
265
675
45389
63039
-73117
-1374
61269
25729
25517
6449
585
718
-55917
50729
45417
-53717
11639
255
1359
75099
9765
5379
9798
94529
3247
-8268
-8490
-29117
3242
4688
742
143
-1653
93249
6867
-8502
58029
8604
-1927
725
-7486
-88717
50869
28719
51689
-5719
5131
21617
91917
23529
2440
50169
73017
-1038
12217
-3160
96389
-94617
70079
-7915
-6038
38689
8926
-312
6409
48409
-80717
-61517
-4097
96939
92717
-74917
-9801
19029
7260
80917
-90417
-6109
89399
13739
19717
32917
80859
-5876
5332
-8671
-1512
77269
3453
-372
36269
1418
-4875
3914
42279
595
7903
-38617
56579
72749
-4029
32359
17909
9986
12859
58419
33149
-700
35849
90889
15817
84339
49139
-9473
-98917
8580
1384
6418
48249
7107
-62617
-9656
-48417
88849
-8506
92517
-1087
58659
49017
70679
93317
87317
68217
-7942
63439
-65217
81217
39459
74579
173
70617
-67217
66
30419
47449
-8479
7004
-60917
25317
46617
8399
-187
17217
-7840
-6467
77869
-2713
76179
5581
1887
33059
-9495
-55217
46489
95299
-4760
83709
-623
-1527
2329
17229
-125
81569
82569
27589
-7598
5337
8737
31429
-2715
-4396
3867
8385
2159
86489
-52117
35817
-8756
8197
6684
57999
51369
7987
-8015
-5983
96579
-95917
65717
-51017
43517
-7766
-15217
73699
5232
35389
40559
-1561
1137
-12417
-9740
98029
-9575
59769
22017
71409
-98217
58017
43217
-21217
51579
-35717
7307
67539
-32617
31569
81319
-8711
-6791
-1569
30017
-5378
73119
2396
-2135
27499
36817
-1743
98509
28239
38449
33659
-5436
60719
68459
-6185
-4269
80559
875
81717
-7140
50717
-76317
90519
6431
64119
619
2896
-75717
88819
-8881
2189
-53117
31319
1188
-58817
-3731
35979
55017
20439
-3345
5601
8835
-56917
8509
-74317
60259
8606
-8951
60549
87049
90299
-71317
-9112
-35017
-1712
-7307
-20
30829
60379
28289
-96517
6873
-28017
34699
40659
-5410
-41317
-8266
8784
-4484
-94317
515
-7035
6549
30809
-7660
77217
-9902
68949
62259
6056
20919
-6648
7386
-4809
67879
-4805
4023
41629
99919
49749
-6784
565
97159
22709
-62417
6609
-3087
53659
8937
-71217
55917
3969
46069
9350
23279
7853
-24417
83099
8027
-7624
17869
1719
258
-30817
12539
39717
4777
59649
95629
48299
59139
8339
35889
6823
6617
-48917
9729
1949
85699
-8398
60099
54899
-7131
9911
-51917
48239
-8872
-50017
40817
-4442
-30217
-9664
-5821
70769
76717
99559
-44
6605
35099
64317
-37
76117
-45817
76079
-9137
96799
-9658
14709
72799
-22517
2332
5819
-53917
63739
6084
82069
451
3703
2818
62519
43749
29949
-3135
7837
89717
9203
66709
15079
-5568
45989
93999
6078
-2827
23599
19169
68759
62019
96469
86499
-2615
79017
83117
-8932
-18117
-3670
-3282
-6282
-77317
4258
-97217
44929
-7535
9243
-562
98317
88129
9000
-8103
3762
84739
-4563
7299
52617
18749
79317
5008
97817
-27717
3727
-10317
84349
5177
-14317
94719
81849
-9585
79089
6021
53417
4668
5697
-2083
48189
1879
-43017
52
5927
-9124
-7446
4001
6942
41989
705
29417
91399
-2362
4060
-476
3880
2109
50329
3108
-91117
34139
55759
50589
46769
96569
-5997
-7882
452
-45917
-11717
-31517
89879
64979
5949
-7939
-1013
32109
52117
-23717
61969
5209
31479
-3079
90489
51817
-4132
1697
83029
-8667
-653
-1753
-2209
-1219
85217
68129
59899
17839
-2441
39769
68339
-4279
3572
-5493
98159
67909
-8772
1910
9896
20117
473
-18817
-2317
-23817
20319
72969
-2335
-5850
77479
16039
69217
174
63899
-36117
19569
654
-9382
2209
512
21917
-49417
3555
30209
5063
-56317
625
6692
-4852
75559
33739
13159
15459
47017
-28217
9369
2803
-2309
39517
85689
94609
-8182
3859
5500
-6974
-8198
-9006
15939
-9762
91549
72509
-2577
84317
-8156
91369
-50417
6089
12619
65369
-1812
94109
33279
17419
-5001
9361
68617
-13217
1974
7036
15059
4306
21899
5000
4071
52639
-42717
32909
78717
86539
-993
94999
-637
17019
47169
-668
-9553
3542
-5241
1531
83819
-76217
8839
-6096
12829
-3512
22117
-3679
1240
-3563
24909
29209
42
50809
9849
2120
1102
67417
-59317
4132
20659
77609
2905
19599
4958
7169
6237
-6830
-49317
-3415
-5861
6359
31469
2063
35899
-9502
58249
-6312
-94817
-2839
11889
4947
-3235
45189
54859
-54717
54029
65939
-7564
26739
-3357
34129
95229
-4613
5408
49799
49559
-8985
-6404
6410
25289
4397
55419
24889
37529
-2402
2638
83017
27149
70509
-1508
-266
-69317
-36417
894
-4743
-6826
-4198
-968
322
8650
-73017
64549
8815
-427
83909
-2252
93109
56949
56139
92017
-108
49399
35229
-7811
59939
4776
5313
-1256
7912
8537
38517
57689
2967
70579
32789
7215
-7127
13917
22529
-4586
10639
-5737
-22417
68269
87517
50149
82817
57129
-33317
-2044
-1719
-200
2900
93739
26417
7150
40709
27709
4168
1488
5389
4031
-6711
11149
15217
69709
81169
-72617
8718
19417
-2260
-14717
4649
77629
4325
85409
8748
-2445
88999
78759
32629
26089
-7322
32017
2507
69479
68017
-6327
3392
-9544
-3698
-1160
69517
2354
2456
-7348
-8133
29509
47849
64029
-62317
-5393
906
-2224
-4719
-5837
45209
7908
8609
24519
90179
6928
3274
-9807
-2170
4435
-2505
54217
67919
-8742
68099
51589
-26017
-185
82769
-74717
-2185
58117
14917
572
1829
-8115
4408
-51817
-7712
-76817
3402
-6120
48709
8856
79517
46029
2659
27917
-7149
-512
-504
47989
98519
-5636
30329
69459
36909
-4275
17989
-7567
-62917
93919
2623
63729
-5989
98359
-8464
-2272
-1581
73769
75009
56217
77539
-8861
10079
-4515
7122
55779
74217
35299
99549
-7046
96949
-70417
-8557
2132
-5580
1199
615
6893
80139
-4712
37739
67329
65009
54017
84749
32
6859
6978
5216
65809
197
58517
70817
-6029
-9098
26819
43589
17379
37869
39899
25519
-34617
3170
9639
85469
8586
9976
76217
-37517
-86817
301
98517
14817
-81617
93019
591
-9436
2237
46329
38219
-679
37359
-30317
48839
34879
73689
8269
9094
7637
-4886
-6614
53429
9563
-7666
7930
-4784
73009
37119
-2156
-126
74259
14329
5076
3503
61479
8708
14929
-4915
56249
-850
5928
24679
32539
4651
25899
-7696
-908
26717
95817
72579
-3865
-5915
-1348
-9129
62409
-594
92499
97599
66289
2552
-14217
87429
82049
64259
-17817
23317
81999
10829
-31017
6016
59619
73817
16017
6469
6135
-9154
1279
-3290
60359
77739
91389
5237
5419
87529
88139
79709
12949
12817
-58517
30117
-75817
5993
-1027
6813
-412
164
47489
43789
-2390
63659
88829
32729
715
-7850
1659
6799
-5016
3948
-8520
5099
60589
3142
98149
1229
-8477
70529
5680
-86217
94769
85559
-8415
36889
69117
-3542
1866
2468
68369
-3363
5894
-5386
-71917
9704
4770
43569
7136
-2917
-52417
-9209
92419
-9612
-7764
-8432
15959
83629
9586
-7763
-76017
23039
15779
-49717
47917
32879
18217
-4758
91559
-9177
91717
-20817
66109
-30617
93217
-6979
69309
6318
91849
-3604
-9730
33917
7660
260
46317
5338
-55117
71717
1281
24969
40169
26109
7776
43779
47517
66219
33217
-5556
-7290
-38417
37717
32819
1584
91109
40539
57139
1689
12917
47217
-27817
30129
52189
27909
3044
63217
-3561
61517
80817
-9843
13317
-649
64209
-21917
-6637
4253
-2012
98069
1804
8362
3645
-70
2527
52249
67869
-4623
-39917
33717
86649
-9083
58839
7409
70119
-3584
-1307
27169
-3966
-7715
-2677
4199
-52917
72989
5703
-4470
5610
-67517
32569
621
24417
4967
56479
-59017
90439
92669
2220
-3628
1737
9876
102
40779
-43317
-4185
-9315
84279
13359
9537
26489
96117
16529
5739
46509
-43617
84479
55417
-18217
-9411
-8418
22949
78517
-9642
-7013
5794
4826
54279
-65817
26729
52799
60617
27289
30819
319
-3502
-81317
-63217
64939
15809
-7346
545
89629
67199
12689
6420
-56217
-9462
6432
-2020
-5710
525
25849
7207
85759
23489
-5515
-73217
8135
-22917
-84517
-39517
-74517
-1715
77317
-37117
6321
-5820
-23317
82499
-8962
-60817
98689
97209
-1037
-3583
18849
-48717
7729
2136
69869
6131
67229
-6376
16549
-3715
3574
98679
7474
-29317
-4008
-63417
-77617
32817
-337
137
-3608
-9736
-47317
7824
18017
29539
75729
-7282
-8442
73619
51749
-72317
47829
2764
92089
69389
2395
-10117
27599
-619
-2915
93859
5929
-3779
-1134
-5331
24279
62917
49349
-1137
8993
92019
7159
36417
9182
97239
90699
902
34659
46017
4281
41399
6143
49979
51149
37669
-94017
-4260
18617
45619
91139
76799
70049
-64217
-9077
-44317
6949
54229
-4241
-38317
1723
-4142
-6712
-52017
4659
-98617
85709
-383
50817
5937
-5712
9038
80589
-16417
-74017
29019
3014
11217
70917
-69717
18429
34649
152
35669
87449
-6144
5773
6892
9077
-9162
355
16309
-8925
55679
73417
75859
-19017
89319
-82717
85259
48379
59729
59817
1908
73617
2420
-5931
-5766
53449
-40917
-5962
42349
90979
-5481
-4237
9866
-8568
35289
7324
3809
-53617
4942
35759
-5177
19609
79559
-4792
13389
-62717
-34917
30459
-2393
56617
89509
-847
51459
-130
5544
23899
6063
57029
3229
36589
70417
32559
566
83609
69499
2127
-72
91617
-84217
77709
9277
495
89289
3760
8377
74879
-83017
-91917
45289
-82017
4133
84509
66399
42749
58449
58269
36399
6210
20217
73799
-12617
-6462
2537
-9620
90409
-8048
84217
-4009
82349
-54617
-4746
-2270
60299
7070
12799
81879
-7216
2637
1777
-8592
67659
30709
46269
-5806
9449
8621
-8712
-3716
44499
-6154
28019
12869
96289
18739
1509
43817
41249
75079
-48117
57017
32617
29799
43109
58059
-9837
76417
-88217
-9879
24979
65769
24769
-24517
-31217
-9500
14809
60539
20899
35559
83579
85059
-89017
57917
92049
-9930
35617
-2964
1429
4032
8688
-2733
91417
9762
10189
-14917
-9367
29819
-3515
48969
3850
-9000
4323
96979
29559
82717
4285
99017
60709
-5315
27999
-56617
66529
46117
10317
-3137
-35817
5537
66959
3004
65749
-1918
7704
35109
35
19789
21219
719
72359
-1403
6035
87799
46517
8477
93069
-2557
23209
92779
42359
52899
89159
-1548
9259
83159
68849
28269
822
51489
4308
48217
68069
39059
2825
-5215
5044
-2855
82269
70359
-4495
15749
-1112
74919
5194
9987
28109
-47017
25
9069
78659
47817
24117
9193
28069
43917
57619
8020
78549
89979
3554
-1322
-15117
5890
-3795
88499
56319
8160
34317
2732
-20517
9462
99419
-57117
1494
5507
74959
8219
7399
66029
968
-391
-5270
-2285
-3848
79729
21119
-7719
22839
-8142
30469
12117
1337
82679
-4812
20259
-6488
49589
46217
54439
9647
14117
28359
96539
70919
-2412
82959
69979
835
17509
34639
292
-5738
75319
-9950
-1302
63399
7289
-6115
90217
9646
79969
67449
6678
-1717
63109
65217
39579
99599
7345
-9699
73109
16817
43417
-973
67549
4225
33439
-89217
-1787
-6861
50879
1706
79999
57517
-198
5892
3972
62117
93049
-8335
97217
17969
-21317
-1107
43079
-5072
-7541
75619
-81717
-46617
14679
81317
-7095
72229
34349
60117
-68417
381
9780
15709
8349
90229
35799
3844
995
-65
23629
43659
9718
69129
27019
-4594
9239
60509
6959
90417
30589
1806
20589
7065
52679
-7044
5453
43317
50217
-99117
-8924
3399
61759
9383
6412
31669
-5152
-2315
5128
37619
-9948
57839
82579
8547
25739
-73417
66249
-90117
-2162
6713
5637
-9463
-7244
72317
-9556
4361
-96817
37959
71589
-93617
5685
85419
1491
3139
3879
-4336
2884
7130
-1671
-9737
945
97769
34017
-4315
8005
50049
96499
2181
1834
-82517
9764
-29217
90669
36339
41179
3259
9068
75049
9569
14217
62309
3368
52949
74417
2937
97009
1669
21317
6213
-3874
-12817
8258
-8161
-6015
2337
5059
6575
6954
71059
-25917
-90717
-91717
60279
4757
7907
24859
53217
77839
-5163
5815
195
76389
96089
-7268
-7936
9837
69619
28917
6645
50139
89099
65169
526
39659
52139
-7944
-5483
6337
-8315
56299
-2164
6861
-1836
-81117
-20417
-50817
49109
-5017
26979
76689
286
10249
-5985
-40417
-4012
-6222
8207
16117
73669
93017
8513
84029
-4624
68117
24229
-7148
-66717
7059
68409
87859
-684
-4627
-7165
-77917
89409
66717
47089
59049
4465
-51417
99889
-85717
38019
2579
37099
2201
56439
44939
-82217
2409
-3000
35819
88559
1595
84779
4172
-176
9518
9409
83439
29289
8599
3132
3889
-1838
7071
4439
57559
51617
88909
24569
5135
83679
9743
-1167
89679
1931
46149
-9815
4644
-17917
-5415
-1141
9173
72379
-9237
-66217
-6244
28939
7115
-926
-2455
49669
75329
50917
-7596
-64417
49489
7549
99217
-2140
-1175
6472
-8
69019
34039
21629
-9506
6537
-3504
42629
44917
26869
12169
23649
-3395
45217
1259
2743
69917
6999
44259
88189
69617
19917
33469
6753
-4545
7165
-676
40149
-76717
-80917
9325
7074
7008
20929
-29917
4363
-5982
31609
-71117
-37917
78809
4130
-5212
55669
-72217
75917
28439
61639
-7163
89617
-6887
-9396
23049
-3567
-2859
-4945
-1803
235
56599
-7925
55717
41049
95769
3887
7666
42317
33509
19079
-6634
9709
4802
-33917
3144
21469
79029
78209
55609
9933
27129
-3533
5597
-4150
71517
-1870
21019
-7707
-5507
-73717
-2937
75359
63209
60979
49249
96019
555
-758
70419
40617
89769
-39117
83717
-3855
5877
-7718
28869
8781
27009
40317
33339
99279
39869
7992
4609
86209
18717
-79817
59659
49419
9345
8051
63789
1363
59849
-4912
44609
34839
4279
53017
87659
105
8119
39817
7620
12617
22817
97617
455
50659
937
-1652
13399
9113
82829
-67917
66509
93499
5948
9732
26759
1479
-15017
-2989
-6570
3740
51399
311
8770
-7294
25399
6831
31739
-7909
32939
-38817
-8066
2789
-4770
7654
-591
-7957
29059
9274
-1336
16769
71159
13579
4356
7699
4859
-4449
8607
37709
13089
2023
1603
-7499
60199
77559
2244
23117
2214
3637
1343
29549
83989
-7912
2081
70117
-6672
94949
62759
71629
31189
11417
98789
21859
-47417
-54117
45817
50079
-8840
-36017
3179
56
2560
2559
-70217
72017
5449
-3772
-44517
-4300
51019
-849
50379
-38717
-5125
6011
76549
6427
2553
48279
1356
-2801
-32917
11829
96719
-4317
-63717
25099
63189
-13017
21419
77049
97269
-5682
24949
-3530
7947
-1514
41817
67929
2219
78917
22059
61859
6113
13209
-1964
21479
9358
6019
21749
-45617
41429
-11117
604
-741
-4418
-7653
5720
1159
-9400
8553
-7484
-60717
9380
-2604
28919
9600
43619
37229
37849
-5812
50599
1121
4862
-2585
-46117
91629
39417
30009
-2187
-1120
-546
-7437
1717
27639
-8199
-6838
4814
-7813
-9644
132
-9652
-4419
71117
92159
-7198
52979
-76517
49469
15317
89917
-144
-7728
22217
68829
24017
8699
17289
94549
2606
6837
-20617
57369
-325
5253
55719
85479
4805
7449
51059
89579
13909
20239
34217
2748
47599
9148
-2960
21417
63489
5312
6987
64399
31629
92869
59309
84489
-2512
63719
-2676
-23917
70029
5709
92
-4771
54517
91969
-85617
24449
-24117
-6832
-9817
57169
54617
2528
49849
-119
-3812
48717
-8944
346
4555
46099
-72717
3767
90549
72619
22009
97959
1626
-6037
-4252
8125
1369
-2137
18317
-3721
35969
9242
66549
51517
65609
-86917
63639
-4863
84717
227
2233
2179
-8812
77329
95279
7097
47469
84189
7689
8394
29739
942
37719
-34517
-5065
-388
57389
74659
-954
-24317
12639
-26817
7285
6820
45
23819
1826
44109
-8279
9229
-94917
-3205
43139
-4415
8481
2003
42779
-98
6060
3423
-7249
9197
88739
6349
-8151
-1053
4100
6352
9834
4237
-4617
-7018
-7420
5508
6737
49409
6637
25017
13817
-3912
8637
62809
912
5064
-7051
-9557
1969
45529
-5803
93569
70217
86509
35599
347
34949
97017
-6324
18509
732
6299
-78017
8562
58289
68919
11069
-6749
78909
31117
1914
91659
-6012
6442
8904
-34017
9047
58599
92849
-9735
1837
53539
8356
-28817
1119
-40717
7321
9142
-4546
-1552
-58017
21117
16417
91959
38529
8774
63509
7996
81989
57189
52919
11499
-3842
17917
78969
-6705
44859
4825
12659
-67617
1615
35829
8526
6667
-12517
-9002
81519
83217
-7214
85299
-5074
64959
47809
95339
89659
-19817
6731
79769
18929
22139
-9337
772
46859
-3537
16389
57719
47659
-5762
79779
-5741
-7222
-85317
9880
2195
-10817
6228
-83817
40959
2227
36819
1759
29017
415
79049
31299
9145
84017
64279
4840
-6915
67969
92199
-2641
1537
25769
-6496
56817
28079
11717
-4664
-38117
62419
52217
-2147
7799
-1524
9548
48959
5725
7525
-3163
-6561
34417
88617
8309
80889
26709
5301
84979
6164
765
-84817
-69517
42789
33919
59889
-924
-2112
89959
-26517
8092
68499
-1194
55379
3443
31719
-5157
-2637
-3992
-76417
-5979
2273
-1892
-9417
8240
7325
-4837
95
54109
89019
7401
-8871
57519
2069
7696
2938
88269
62549
43349
19217
80649
-5869
68329
-1004
83817
44799
-42017
1864
721
-9312
41217
9747
7763
48049
4259
21229
53219
-8929
8389
1222
22919
9029
-6859
39569
7655
28429
-6463
-5518
-192
-296
-4499
6858
95399
-4742
17949
28889
93839
94289
-4754
-8886
-3103
80309
58919
49269
8103
-3941
94717
-2420
73299
-1032
-3854
-41217
83549
-11217
-7896
-5534
27017
-3953
-4853
55069
-9788
-796
27519
3793
1166
6461
60819
1469
2199
-56717
60629
30917
-2380
64069
19017
205
44639
2099
85799
29779
-3668
-80317
50517
-8312
-49217
7305
-4425
6541
5643
-5631
60029
850
18589
40719
22539
-92217
125
-52717
88859
-429
21217
78279
11419
-7115
13289
-7539
1437
47699
44969
53289
2414
98817
-77717
60817
437
26329
2841
-1426
51889
61819
-2013
1823
-1837
6049
-4112
6760
61659
46999
86859
51739
-3587
-3437
62899
-90217
-22817
40379
5480
-9573
-8816
-1587
88029
-1677
-3260
72309
51209
8230
-10917
96317
8161
58429
1322
11879
4956
97409
-79517
33009
-5577
31039
79959
2620
11989
5724
99729
3449
41019
3322
99049
77339
21517
79149
49919
48219
2431
-97917
36517
-9375
-3007
-92817
20469
6754
-5777
302
15579
78749
19117
7189
-92717
-92317
11939
33839
-9415
-59617
36969
7198
15229
41949
4890
88969
52439
3099
1713
84139
-9591
575
-3851
50839
-2662
-96617
4729
9362
89517
8430
60239
-32417
55999
-62017
63279
-4983
3442
6589
-8026
-2098
-8723
8744
-5348
-1012
13189
-1456
-6143
-43
-15617
4479
8066
74299
83617
872
47617
-53417
35239
-93317
9137
-5891
-2738
985
80249
7032
32419
3641
85499
5833
47419
-5615
43579
36317
-8864
-5494
-1637
75217
-49017
6423
2252
-6956
16189
66859
85519
88219
81029
-686
81417
86417
-8545
2031
55217
6261
4959
54969
-69017
3010
9992
-5159
72717
52629
-3934
-76117
27989
72617
82229
14079
51419
42379
-4384
2864
17279
76509
29869
17699
-6183
36229
9404
67369
8311
63717
245
64829
-4437
2040
-75017
-6684
15389
41489
8767
8053
-812
-1274
86717
48739
-5310
13869
89017
837
-8468
43329
8267
15399
49099
34049
-1162
70339
-86417
4087
5245
-3181
-5368
94119
-14817
-6130
96149
65159
89299
-1738
-877
-8604
-8492
65239
-1312
70989
85329
39759
85879
95009
-51717
-2783
-4740
-4905
-1593
4217
82849
8274
-5392
8087
6112
-2627
36569
46699
6460
58439
-6417
6195
6483
-1651
-6385
2439
40029
30479
88389
2499
-6330
-9001
-9073
4591
4009
8000
-6977
28899
42099
1285
-5237
88479
-2115
-5342
-98717
-66317
47289
63009
69919
-4176
38209
70317
39317
44017
5539
90517
17009
74719
15
-9566
40989
94189
76049
50269
3445
-7515
-9441
-1542
70709
-4536
-286
69049
83039
-27017
4837
1783
-5883
795
464
3269
39519
-2728
64319
16109
39789
86159
67069
99617
-90317
9397
-1464
992
54869
90317
16069
-4882
52969
-375
59279
-8594
-8107
7210
68059
63579
89
39289
-3369
28119
-5512
-4272
-6203
4288
-8302
-3139
27617
45899
29479
-2105
345
-8622
8530
-16617
-479
92189
95869
69317
73419
8680
16709
1836
-7441
-5107
13349
27189
7228
35619
8086
47717
5019
92839
56417
92749
-6933
13139
15417
-8763
36509
25759
3349
-4762
1471
51999
7337
86629
54817
61409
-3791
-8423
2866
2605
-89517
79589
-4467
29817
-1584
4456
3882
-9352
-593
5744
93519
33519
58669
59759
-3832
-5349
2759
2437
52019
1198
-1489
-5877
-81917
-915
55769
7909
2983
-95
-15517
44589
58129
6057
8719
282
-8684
86899
-54817
95317
-3330
-8357
5289
12349
54079
64879
52917
16329
5729
2929
425
-1815
37939
-19917
70549
51317
45679
47069
-42617
685
-3215
45949
-68717
-28717
18169
4551
64419
-97617
66689
64799
63319
-25517
-71717
-4007
3083
41929
56749
94959
6917
-1218
32989
47429
4794
35069
8597
66149
-35517
20229
652
-4015
-2703
92949
2909
9430
2088
93879
78217
88569
61789
37579
-4992
21759
-6929
14849
9502
9437
7269
-2433
7076
73317
-5077
-34317
-3237
3820
39309
19969
-39317
9738
33759
33639
2610
-63017
-9675
-8837
1869
91569
4703
-6386
47119
-21817
8833
-7412
5356
55889
7740
12517
-5955
63879
2921
-9093
-42317
-26717
1108
97479
80417
51139
-4496
52489
-181
-3485
79417
-4038
-4823
42217
53109
-46817
22819
-3931
19619
-4687
86317
61317
-89617
-77117
45829
87417
35679
8632
4126
72299
-55317
40349
44519
25817
-3990
405
79389
2239
-35217
57849
407
-3947
9637
9479
24617
375
-9107
-72417
-851
-607
6134
9799
26549
6217
-7137
8436
20417
-9838
-8984
-9654
5413
85117
-666
-1795
3051
88019
26669
99259
472
39339
-5100
-47117
15799
-7790
6123
8475
8662
88719
6190
19759
5495
5264
-87317
3686
612
74999
60899
3906
50317
-3915
-8061
59719
7514
42799
4560
29317
273
99517
4145
-7293
17859
6119
6459
-68917
1729
44059
95139
-2192
3670
68939
88289
34289
-8358
77517
7677
-3864
39117
47909
-3315
8187
-1902
9183
95919
41109
-5565
-3312
1769
59229
5286
39
6724
-7292
-7743
-1550
7834
75569
-29717
-81217
97169
82617
26379
18229
40829
-6238
8539
84049
54529
88979
11739
-724
75929
73339
38079
-6114
95859
49917
86369
752
-18417
37269
5839
18399
67079
-54217
99817
-45017
82979
-82617
809
17639
4349
-2336
-3311
49519
237
7367
-2245
90369
-9795
43717
305
965
-7504
-94217
55859
55617
-7388
28317
-5389
8459
61117
-2291
21309
67049
-4287
60799
81779
8579
41959
5945
6677
93039
3448
52069
53519
6169
1637
95217
-9871
87899
70309
9474
28117
25417
8435
9689
3839
-2237
3586
70879
-2088
16829
92239
55289
-76617
84199
-30517
-2678
8229
-7615
59517
14629
7889
68439
71699
-8719
61109
38089
3037
8181
9444
-6437
96217
46399
-3050
6846
35639
-30417
80389
-8888
5824
-62817
-7656
26629
91449
49059
5772
-18317
-44017
24409
-4827
98417
1937
-4824
-2193
20089
36189
4371
4091
56739
72279
57579
-4833
-46517
3257
6122
7929
1089
-75117
-4829
36099
-6153
-17217
-4454
38679
6532
-6615
7625
83699
84117
46817
5629
-9816
5439
3814
8290
-87217
-5068
22979
64517
-7226
31589
-6799
71859
90617
99319
72129
26617
13217
6489
-3701
28529
-9264
-3364
6061
4106
56919
-2968
87359
94517
-92917
9784
-4225
-6085
9174
6809
-3100
-3456
39709
11259
5283
45249
25539
9200
88659
64817
-3937
7984
9650
-27217
92317
62269
83279
7687
-454
56959
58799
65979
9146
45879
83829
18959
10709
-6668
-9796
62799
19089
-8797
-3768
7849
76269
8644
-5395
56529
10749
-83117
82289
6199
23159
-3667
-2714
6002
72
7705
30379
-497
30417
3343
-7579
5139
-6241
88149
81609
89317
50099
6522
9329
85919
96429
4307
97789
75139
-19617
1772
-854
-584
6330
-8395
62369
55809
34029
-8670
96139
95029
-392
-2283
-43417
25309
842
5759
2531
2079
57449
9164
12059
-4816
-22017
17319
49169
85317
-4006
84599
-6898
-394
577
28517
6587
37517
91719
27929
-97417
82169
2087
-31417
58699
25149
4449
-1887
84859
15899
7099
30339
85949
84669
9271
-3910
65
62709
-3404
-80517
2249
53879
475
4731
-2163
-9303
-6415
-35417
40129
41117
65269
21139
-77017
-24217
2110
63979
-5180
-3713
-8708
-5919
6434
60119
9370
81509
46689
-5388
90859
8341
-4215
26889
36129
75017
28769
-74217
52079
11599
10517
17317
-2347
66817
366
83649
18699
64617
-2753
87817
-6628
-797
57929
76419
40917
-6964
-9198
7527
-815
84699
5143
225
44417
2353
8598
-52317
-96217
7937
93349
5874
-21717
9611
3937
-3615
95917
58099
-65417
30249
94869
85717
-8758
63449
5838
-85917
39017
6375
94669
76739
-3972
-5239
85917
9143
1690
28417
-6070
-50117
3552
69249
6718
6801
-53317
59609
7050
67119
94029
88629
83079
-4229
-9309
8951
48209
-38517
-3744
73319
-5698
9998
89499
-80617
7454
-414
5550
2309
90469
83379
62279
-6429
-4343
26069
-1937
2600
44219
37317
-14117
1309
4011
2709
75609
55817
941
-7060
7025
372
5279
4327
52039
-1874
-59117
3709
49389
18799
86679
-63317
-33217
-943
3018
81389
-2220
10417
50989
71269
2037
-5272
19839
-8459
-4537
-17017
-5914
7197
-86617
12309
-2708
-8804
-78217
17399
38369
-2173
5259
90949
445
75889
-26417
-3815
2713
84417
43017
-2607
5459
65039
2369
71869
-613
72049
75899
-17517
-8417
77489
503
115
-6367
-39717
-93817
-8897
-53017
-95017
67899
54417
-1700
6884
54649
21159
6175
-1268
55129
-60617
34389
87259
59409
-537
1334
57799
49817
5142
-6055
29759
4603
-4110
-7154
47409
1827
84079
88039
-7166
97499
-85117
83417
-15817
7479
-25317
12569
1913
522
-8935
9871
65139
93899
44749
-44617
9284
3406
-9713
22179
7108
99509
2959
-7266
25117
99519
1114
15379
818
43919
96517
52279
-274
62509
88279
9499
13717
-15317
96059
3465
35717
78639
-7037
27459
9733
5671
10117
-92517
70539
-1910
-9457
-7559
61549
74717
1982
77789
89049
4607
-1636
997
93909
4559
3130
-89117
-2160
83899
-3490
5067
4885
85529
-32317
9002
81419
3628
37799
17459
-3771
-6031
-3323
1122
-7297
-72017
-7996
42059
3980
79209
-6608
-4206
20789
43609
90609
87689
34759
95969
4803
-6375
57417
42729
60949
53299
-7078
92579
70299
81517
869
8858
352
-7706
786
-8755
-6924
-2515
25019
-6497
-45717
-4502
-4290
6872
584
-7113
8925
-3057
-2926
-4249
-7012
-6262
66999
8347
-7337
94939
8573
90599
-8248
-103
8170
56369
93817
-2063
-4444
37889
55569
71169
-3948
-3015
8664
8249
-43717
69839
2639
2172
-84317
80809
96909
386
61019
8996
35749
5324
-1102
4727
50789
94829
81919
5609
-6259
-5147
49969
23319
38809
-79717
-78417
-1737
86217
5346
-2907
5652
2039
-1434
-2397
82609
82159
-371
-5689
-4541
-82917
-84717
89479
-3735
1639
64417
412
24369
3933
-31317
-1337
-4508
-5171
38359
52317
-94417
19899
48117
-6936
88469
-91417
26059
6277
-615
17959
76659
3944
-16017
-9709
-6544
98289
85017
31409
4367
8467
10159
48039
1854
-94117
-1578
42449
66069
98399
1742
-2482
-97117
97917
-7778
16049
257
77717
34617
-58417
62699
-7260
4750
5737
-68617
86759
-7157
42617
61917
72817
18709
6689
-6815
-8716
-5359
14219
-3824
12317
55329
16159
56117
-912
19399
9831
71149
8519
99459
9665
7900
-1428
862
4969
36259
62517
37639
12939
48517
3825
60849
6070
44217
-9998
80117
28629
-8150
3910
1746
1858
-20717
-4818
828
-87517
54129
42119
-7937
-1616
-5045
-766
-5815
81439
-48217
11789
162
8035
-45317
94779
39279
-16917
-2651
97929
1888
28509
622
79899
-1847
4485
-78717
79689
-3902
31979
15009
2216
20569
47369
6688
-2507
52817
1067
55259
4687
64859
19629
-1944
3137
62929
-91017
67169
-80017
35739
9629
8438
89417
44889
9188
47109
28799
72099
-50617
38317
81969
-2256
68079
86609
8989
-9336
-5034
9686
19419
79917
-10717
7374
-3204
-863
65959
40217
-63917
21389
-20017
331
63417
56717
85517
-395
17717
-3248
40809
-7109
43199
38859
25319
-951
-3775
44359
8735
97609
29217
56999
10889
-14017
-4299
76999
11117
71469
5431
26619
68579
47749
66669
5912
7858
-9974
35117
47649
7989
19709
8263
30909
5701
63317
74617
28059
88519
63689
15669
33979
-9527
91699
77499
-8412
-70517
362
-8215
671
67039
37117
5166
-2793
15517
-11017
2769
-458
48917
8295
-8905
15119
-8137
70069
34009
9565
-7833
623
-6881
24517
-7117
962
25879
17799
3309
8746
-2904
5884
-18617
62639
1665
75369
9058
-4567
30919
-2990
-99217
19669
-1003
75249
76969
70559
72979
-2212
59959
11839
33589
-4154
63329
-6046
168
65279
43869
5934
2106
-8130
47009
69669
3110
15829
62229
26789
70369
2052
2413
16009
6639
80369
41039
-11417
1951
91589
5489
8795
30317
46049
1031
55317
8343
-755
29419
-41917
27359
72109
-6396
8144
8711
64117
-3039
-845
-488
28959
98849
-1537
-28317
7998
15629
6372
60329
5470
18729
62219
46729
62459
-86017
25179
33479
3102
4186
52759
92529
-9488
36309
99019
-9369
-3860
-15917
51559
6426
94417
90017
-4951
-98117
38779
55117
-3871
5238
7356
6927
22379
-7832
72929
-3375
75717
-6920
-2217
-98417
182
58159
45479
27279
-2802
11817
15949
13617
12179
92209
67339
57617
-8637
15717
73789
86739
7000
73129
-67017
28717
-4937
9769
-1325
82779
-53517
78039
57059
-214
-6193
3842
-60117
-2946
10817
71809
-2815
-1576
16479
6717
64849
-5401
-5637
3946
73449
-9703
-1627
8933
-55017
30409
-6383
67409
88117
20017
7724
51669
47639
99809
33329
98749
-7225
89129
-1249
67839
91017
8337
-5071
-15417
51319
6179
-430
-6674
-6135
9872
36217
6715
55239
25119
-6176
55739
6193
-628
99749
3419
74969
6792
2821
-6485
-7537
41849
35417
56517
1039
-340
74599
5591
4020
7467
-483
-38917
3544
-7866
31679
7795
49717
-3612
31769
-9609
-11917
64379
86429
-9066
86517
1779
21549
-8404
18949
7231
-2387
3530
43117
96917
9950
8424
-5403
-84417
-6425
-8611
5722
85039
31969
49417
-3833
44019
2380
-3804
24217
-8868
59129
4878
80517
48439
89069
23459
-4064
-7270
-3083
70959
34339
-6091
4086
47299
27959
-74817
-69817
3020
-7745
28909
-29817
94017
16449
47239
43189
20199
48017
67599
-59217
82549
53939
48999
45339
37219
6790
-1415
90717
-19517
-6057
32317
35959
-5427
-6141
24099
85439
12969
86559
861
7028
27669
22349
4810
-9915
10049
-8371
69819
-4368
8832
-6315
27429
-9963
90379
79469
19219
3798
1780
46719
97689
78179
-5412
-2069
39249
33169
7158
64289
78989
72009
29979
7619
7539
48089
13609
-5624
-24717
-83717
-41517
4455
98909
2124
21579
-51317
79369
98339
-78817
2223
86409
-23417
-7986
-63817
78479
-41617
823
2482
-9619
57817
24439
4244
76889
93779
40049
85779
-8955
4159
-6551
-8328
7679
4737
86519
62589
33817
47117
42717
93517
10459
35917
-7713
119
16999
1902
5582
-4831
37279
36369
-542
72117
61749
82189
7369
4613
52609
72439
7280
-89717
2483
95699
38499
-2824
-1199
23479
-7776
-88317
33069
19129
-302
-33117
35317
5269
-44417
695
94319
2742
18789
29709
-6180
95717
33819
4272
-920
57759
-610
35039
81639
20917
-6215
18339
6747
-9926
-1698
-2037
47589
46669
37217
34459
-72817
6037
89559
-4289
7891
-4676
54339
813
-9476
-1288
31217
-8334
-3491
60429
10499
534
65517
56889
12589
95189
4096
2059
148
75339
1692
-9576
15617
3706
40729
-93217
96079
-1912
-7253
42017
37829
26989
84679
2649
97709
77749
86779
-6094
20999
542
865
37569
-728
-9037
-2852
-7279
-7332
51917
27789
-2400
3373
39039
21717
30217
-3217
53179
31659
12017
81617
23129
6029
-79317
33517
53629
1345
59617
-5907
914
-6212
72917
-71517
-8838
3539
3959
24169
76929
82479
5300
-9012
55517
-33
94909
57119
98217
27579
6944
98829
3456
7109
-8858
-96317
12929
29159
-8222
9381
4647
-8702
-3457
1212
2557
-41417
38217
-34117
25617
-7311
59679
62717
21709
34489
90089
91039
7647
915
-61217
4251
82889
22649
-4556
88017
71959
70229
12329
89349
18517
-37717
98409
-5526
91317
34569
17669
54699
40717
97299
87389
-9949
45929
5277
5871
48989
485
532
18939
44869
98799
-24917
79579
93729
-4156
-970
-4512
-9895
17139
5339
69319
58819
99379
79569
28217
42917
24349
-2259
76749
4155
3770
70099
-26317
-8887
-9571
-1057
-3796
13517
82489
2628
7471
7123
2949
12079
5563
45017
-9275
14939
86699
66117
72909
36119
28229
76089
537
-964
-92617
61617
-2511
-1416
-5920
17709
6399
9937
11489
54909
-9888
65789
-2310
-61617
13649
1048
-37217
-9897
-4522
-4899
21699
-7976
-436
