36522
9440
-56192
69322
-63360
75930
82742
-55324
-67509
-41859
56226
98316
92647
67740
94665
-19879
-13073
-60196
48301
-69402
83726
-79169
-34287
21772
-62767
-89479
-29006
27196
-78558
-56079
77183
-77900
7093
73021
-91644
-54826
29359
87552
13118
24315
-45242
48294
-55748
94730
93824
62886
68488
45557
36507
-91862
-57491
-68136
51455
-64478
-72207
-30419
11495
-38159
84858
82149
65067
13266
-94963
-23155
-72602
-82225
87916
36621
35996
-79652
-86821
49877
47832
57241
-35695
-74658
82065
-37959
62206
-34425
-91237
-27812
-46439
61908
-47070
-10196
-78724
34415
-83220
-96793
-52448
-56728
-12281
-54381
39345
47575
-32894
27299
-26243
5761
48869
-5411
-58461
25951
-4795
30454
-94459
-34293
-95346
-44392
2662
32007
96716
95629
-43351
-33806
12256
59927
33031
58732
-21944
-63994
994
58523
-79276
-4343
12434
67656
80883
76791
-5338
-11729
-85442
-726
-71819
-98966
-55436
22213
4152
42213
42311
-826
68711
91016
58198
-62575
-14529
-38568
-30142
68555
-56564
32493
39173
-68945
-97462
30462
85333
7248
-65794
-95862
40204
-3649
-65897
-10208
-58482
93887
22887
383
62031
-21874
-61482
73241
33502
-74286
-73320
-60486
-80372
61364
2503
-98985
5328
-33148
-73720
-99415
-21251
81902
47579
11548
82500
93484
-23691
-2500
-36845
21196
26771
31254
38473
-12837
73678
11943
-60319
50499
-30494
-98778
12611
-36149
82635
-60253
-47515
-95026
4437
66966
47561
39969
-89743
-78062
94413
-89293
-24848
20090
-157
-42365
83786
40660
51823
6876
130
-61928
-46966
38129
-48794
4037
-84016
9378
-24135
48313
60762
-84555
-75420
-87527
16688
76444
91601
12116
14873
-19759
-970
-57154
89388
-62012
86542
33500
69773
82461
-64982
88467
54995
-69572
64656
15242
-9849
89613
-80243
-89445
-72376
55326
33193
88318
75398
-33590
-75671
34146
2202
-47104
70071
52199
-86531
-27559
-67012
10069
-52338
-64064
40281
-36873
-78408
-47209
35639
86564
-65791
-40327
-56790
-72839
45278
60618
-3099
75288
14463
35233
88480
-73958
76364
71830
1150
-23578
47475
-76302
-79140
51885
82483
-36810
54567
53510
47519
-49512
12798
-79327
-58172
86266
69332
68342
13528
76728
81947
56767
40708
-90455
-90980
-48126
-80107
-17428
78053
-53297
95919
-68037
-60883
26058
-2469
-28347
5648
-84687
-85877
37268
932
-34056
-3524
92858
-77550
68161
81577
98003
-29773
-98946
6795
85955
-64408
-70344
-95127
45767
-81730
78495
-72403
-14147
-60636
-59792
20532
73263
-64796
-81079
-11398
83447
-23034
-41209
-33117
17038
-88149
-56905
-9970
-24082
-74275
-1411
41331
96212
10315
-14428
91335
-23647
73462
-38166
-80518
-29701
7014
91770
-96891
-2156
85929
42106
-53874
-6467
10792
61825
25436
74473
72154
-70561
-68393
-38003
66103
26385
10736
-97271
-13079
68725
7986
-17134
-85124
-26407
51566
-83528
67508
-96697
-48928
-96179
91329
-89417
-2215
3318
43525
76144
23907
-77121
53416
41746
60370
33627
-82084
-6142
89778
43576
63330
-99417
-59480
93062
20657
-53353
-22445
78550
-35916
98659
-21089
12864
68354
-4252
52625
67776
-36973
39285
7684
-22835
27727
30516
-23509
60078
402
80338
12088
33940
19706
8211
7387
-10027
71862
13690
41928
78365
30700
-3954
-34294
-17502
-60964
85807
49319
90277
-18592
-1464
-21281
89812
403
-66031
59227
-8963
-2134
77935
27217
-31665
-46402
-822
-52658
81541
1287
-50248
-73981
19140
57094
91902
-37006
32129
-7005
-13450
34938
97365
52431
-16743
-11922
80984
4620
85260
-55539
-57011
-42099
88669
61530
46040
53355
-31309
-3310
5876
9347
-47596
-30105
75692
-15889
48145
94657
-98418
-63963
-57247
30809
-23366
-31904
-95039
80861
-38339
99389
9349
-32721
62109
33135
-32854
-21919
55669
-2912
91013
-2982
-89101
-30985
-92574
-37643
99648
80194
10843
36933
-94370
22425
98468
-70176
-67272
-75106
58685
56693
-24768
-22882
29270
-30859
91492
95201
-48374
-19402
-97362
-25513
-20125
-38241
35023
39796
72352
-40705
-44474
35741
2719
54404
13691
-79125
45626
81085
-27765
-50471
-56116
-90821
-4508
-35622
85447
-57079
-88191
48201
-84210
-93816
30647
41959
-367
57656
22465
-8693
-22854
-11874
-73112
-72093
-39395
77865
69563
44790
87620
28993
14516
39562
-77482
-93290
51302
37584
22781
-34515
-69906
-48935
-46118
-84485
-57493
93253
11782
20886
-37937
-78174
55884
17312
-7627
-13680
-74764
21644
-67080
65559
27061
27551
31240
-40749
88452
82053
97614
7551
2421
-97247
61887
68241
96238
13753
-13303
89402
93072
-34708
-16327
-73017
-7135
99097
75426
-27180
-18793
73388
-43587
-11184
73887
-91352
-65647
15657
-5302
65133
78820
-12113
-70816
-57942
-57798
-50877
-31989
-75350
15683
-68456
76543
-65219
36346
61156
-30336
-51095
17218
-62845
-87247
40978
-93430
635
-58669
96357
-8751
-88202
57558
35664
-55133
-68254
63025
-76959
-70841
81878
-42680
28342
-11972
16668
96821
17403
62046
78414
67914
30804
-79605
81970
1436
-65205
-48986
-64352
-12371
63834
-15199
25522
-72822
19984
58860
-63625
-130
90580
69821
96506
-1966
47718
66217
-75152
-29712
29214
37848
-88051
84933
-36678
-5135
-53940
28830
65687
86285
32471
84952
-88857
76347
56457
81034
78800
-85414
69338
46661
27248
80859
-99668
63838
-41480
52220
13377
-80240
2010
43134
-81757
-80865
-70466
-92613
-77612
-41981
-27024
-10405
-5550
-38038
-63808
67267
49093
-54111
-74328
5938
-11359
-12593
54709
63208
-83358
-23908
17704
80843
44092
20335
3714
70289
46893
-46644
-39024
3145
51184
-64243
40331
-50771
-43032
93246
40520
15187
25482
55280
18962
-74696
-2254
-4327
-47425
57702
-24212
66851
84483
94496
-28765
-17423
85160
57400
99886
38016
-98355
-86110
66250
1658
-95147
27913
-6049
-43843
-38833
69560
-95907
20937
-23948
-74953
53323
49529
-32054
-69658
5112
-67709
87133
-42732
47240
98884
23860
-36425
98865
15409
67359
-64663
-55058
69265
74948
85286
54164
54150
-43156
-73608
65927
99208
74062
-55852
-45675
-41303
16215
79645
81884
40059
69482
74062
-46923
-94153
-3286
40107
22989
90823
62503
47979
60485
-55227
-79604
-1516
-58551
-11785
50009
355
-6028
-15883
51881
56851
94610
-94375
4336
-53642
-69888
-30764
-49305
5066
2891
83961
-17655
-40493
-27268
-37486
21317
-84344
53132
-32410
76521
83112
-10505
-36028
-29212
48559
-78897
16090
-25130
-95747
-33692
-89311
-16560
59593
-53649
30345
-94522
85347
31288
-70658
-55608
-32384
42273
-6812
-4557
64700
15856
-28051
90239
16627
-56447
-72832
5349
29772
46428
60752
12431
-49020
-99273
-69663
-46090
-13372
40309
-49823
26533
81052
94253
69058
22676
-46351
-27514
-48736
82757
-59113
12787
16223
7166
-27306
-29595
75647
11634
31769
63682
-56751
36750
-360
90887
-92504
90774
-37892
14586
36205
7737
-38953
-50030
69997
42558
12236
36567
-10993
56217
51071
27195
-31659
27773
-22737
54018
24601
3367
9514
81635
40915
35903
4454
-69615
-89188
-2021
24896
-49807
-1836
64240
-68680
-7521
18773
1844
-68692
-58886
50148
98960
-61736
33668
-11787
8693
-64038
51971
-63012
-62819
3579
67534
-74102
-23965
-38940
-47664
53476
-1658
36699
-19669
41151
73312
-20157
67100
-52474
36354
7902
91484
-4287
-36656
-96294
99812
-97977
76875
-25028
-74966
56340
-17503
27183
88862
-51945
37853
-81707
-68012
94150
74890
89397
68800
60872
43720
99215
68821
-43427
-13979
18752
4422
70345
48407
84657
-74316
-26061
-70946
84981
-22440
-95674
5549
26951
49773
72262
27551
-97978
73854
-76094
54246
-73996
-37967
30259
-27103
-29678
96143
30947
52990
29340
24951
4257
-53983
66856
87657
62084
-63496
33149
-8884
73884
54191
46006
-11934
51098
94781
29914
69663
72741
-55171
79446
63904
83567
62684
-10332
-29744
89366
-5100
-65944
83916
-2064
2421
-19995
36832
36342
45288
66283
61038
-29537
-30729
78687
-36055
-16494
88311
-90968
-25609
52274
34503
590
83042
96338
138
36471
8729
-87154
-86314
75991
45634
-95126
-7631
-41973
7514
-48649
-75111
73125
-75119
-97469
19513
-77187
84220
1974
95778
-42250
-40351
56354
-99535
-64523
3712
-17841
-2185
19317
-78726
-75519
48601
4154
-61783
89264
-23527
52683
44606
-36393
52864
21678
82984
47016
4599
-17018
-96678
-40565
-79132
52717
36424
44793
77298
-60752
-55452
37958
-69009
3014
-13118
18527
419
-17331
41541
-27057
69195
12478
16686
-7103
-52289
61770
27044
6333
-98457
35530
-54126
-1751
-99947
-96441
-31875
-42194
-19977
33902
-94368
-55012
-60449
5706
10556
-37033
-12230
84393
14412
-57779
-79108
81970
11836
-48162
74192
11542
-31435
46979
-95098
44424
-75514
29043
-90945
-25346
49225
15765
-73336
-84324
23263
-53386
34487
-65485
-89475
22962
33215
-21795
8922
-50564
-43664
56429
-69770
-58065
70574
-49677
85366
27721
47496
-55462
-68840
94651
18048
-58513
770
-94402
-4479
-63952
-64663
98484
-64629
-94905
49573
13915
-22830
70138
29803
-2488
49361
78834
63448
9459
9285
-69145
29731
29079
-17931
-58058
65844
-93302
-87410
40261
37512
-61511
82905
29103
-23366
97713
73722
34623
46515
-34839
95951
54203
-29435
-26816
-41677
-78014
64434
75278
-71122
-96992
-83304
74800
83677
-50164
35888
-6
91876
67076
-14145
29877
76286
-63793
62786
-10553
-1053
27857
23688
-1323
64069
-59267
1832
18266
12729
22873
-72417
-5018
94875
-58358
59439
78071
26022
28690
-17985
-2668
-60927
-69671
5651
18133
-70473
-44780
80370
74786
49108
86973
34180
80786
52035
9273
-92166
42267
-70144
11236
-24770
90088
95560
78615
-9943
-59158
-58183
-25532
-35891
-43274
8131
-86459
97900
33114
-2039
-83085
82576
87750
-7807
14194
67503
-78063
22013
74554
36121
-90310
28580
84
89184
87931
86650
-49790
30908
5809
33772
35347
-11754
-93067
82303
56996
55565
14364
-78249
87962
857
4331
59629
-41612
3349
66569
-81612
35216
79613
42838
90913
44275
49018
-52518
-43835
54360
-33180
88294
-5460
-67742
-62090
-53400
-38260
-76734
-37857
38895
3868
-51795
8288
-27040
90488
-99359
-78618
-17231
88146
38374
-31760
51119
-52376
97515
-50922
-13835
-66693
-86544
70934
-6891
10550
15189
-16914
-48343
83626
-98591
-51281
64669
-19753
23341
-80954
-2518
-9201
-2918
-50124
-76452
27157
-20624
30055
55642
48573
78165
-76664
-93559
-20981
3686
84875
76193
8249
-13245
68752
61881
83916
-26720
-80130
-46806
-90396
75163
10742
28619
-5409
80032
-38369
-67500
-26586
28190
62661
-51482
-25701
-94936
-21552
-16426
93738
-65952
41693
55601
63889
-89876
39795
-95476
-22330
51672
90923
14921
97760
97617
8168
99697
94481
45194
35764
-29007
41834
-44249
41422
56868
-39424
34783
46293
-8319
-56355
-27843
95141
-46767
-88780
-90732
-74003
18688
-74807
-83910
-5914
-60447
67158
-24753
23344
-3767
44044
84522
-71251
56011
-9351
-46466
95160
-91770
50601
12937
12363
-36197
-33382
-60445
61650
30409
-12934
-5359
36475
-75952
8389
47657
-18197
7961
92540
13452
-98551
99152
-65487
41154
90656
-64078
69038
95779
59679
64073
45653
-29537
51353
38311
-85261
-24852
23848
58306
43146
33957
64663
-90731
-1934
29707
42462
62867
55789
-35267
92478
-31794
22163
-59687
-18074
-29947
-30055
30786
44927
-10310
-9811
-63808
-94872
24112
73102
-15860
24657
-93797
-95316
-56190
-23761
-94439
-11683
72995
-78898
62492
42849
24585
-37998
10741
22845
-75401
25126
-41931
-59734
28846
12632
-36462
-58699
36559
-85627
98507
-68589
15860
9075
11257
-81868
-91690
-19313
8080
-29894
-8135
-1203
-55221
13269
-64312
-21749
-65256
-80462
-3519
-95272
7938
-21823
-26327
-96458
-62662
15054
-85274
-58384
-71673
-25713
-74967
26949
-13241
-380
-48566
-57033
-92785
14067
-88814
14744
44053
-50174
419
20791
-91621
73356
51367
1877
9076
-2370
13413
-83661
-29226
36
60532
-31623
-77283
15035
7774
-37830
-69252
71084
-28684
63324
53906
-92363
-32926
11970
76431
-95692
45824
44884
-23047
83908
-28550
90556
-57370
68343
-7021
-25091
-83699
8488
42549
-66923
85430
84805
78165
-64659
-97884
-65635
-50686
3685
-6032
-46055
-6402
78409
-12654
71463
-18033
18557
-22002
-8204
67160
-39964
-44885
-14185
-72312
-14486
27283
-64960
-29438
89416
-96671
-61783
8336
-5444
-74731
-44940
-90144
88211
-67421
64040
-50016
11067
86393
-8800
-39611
2893
-37234
-23455
6918
-39953
-40873
-50371
-74290
-5544
26087
-88801
-93175
-84231
20326
30105
-40086
53233
-35664
14571
-52384
-30670
-87865
-8150
-4576
88360
99675
84187
-98282
-74883
-47668
910
-24953
1535
58963
-32251
-95558
-58249
80089
-69886
-65719
-68906
32742
5716
97443
87951
89670
-44908
26810
62412
-42059
-68150
-70811
66372
-39082
-64611
65616
-54088
-64929
-80459
-8347
-23486
47219
36252
30814
-41799
-45475
-70702
39952
-83592
-58468
-84150
51791
9696
-33250
-71179
53148
28153
-76079
4521
2786
87838
-78593
72297
99577
-66583
27156
37164
9049
-24422
21913
-95600
53772
-47091
48022
-45084
-3922
-9425
64883
-85297
66148
36317
62652
55961
32775
-87745
-80986
26662
-77168
-92226
25744
65218
40227
-656
-83291
71393
-55851
-62934
28927
86072
24872
58107
80649
66313
-3044
-2159
11783
-68389
-10156
35389
-21119
-68722
81759
-36989
23145
40080
-89523
37403
51676
-33376
-59959
97559
90153
-53600
55807
-35271
65420
-79667
67482
-97641
66044
33622
16971
-94880
24698
17086
78917
-43066
-60214
37724
54134
67678
-11440
-82791
63913
-35717
-210
97320
-41506
33926
84413
13185
-26277
14710
-28893
67193
66715
-31990
48958
741
9709
78922
-89286
39397
82913
41687
80264
90293
-99297
56885
-89102
-780
29013
14520
41099
55137
7486
-48382
58050
12992
-63482
10724
-78095
-67235
52308
27773
73294
-21070
18203
-99525
-31587
38405
-70568
97019
8060
10099
-24246
21104
42918
61974
-94981
56689
-60753
14146
72621
61182
76598
-8490
-56792
65575
24998
-69135
67509
-21996
-34436
-82759
-99307
15771
29771
-46466
48408
-51462
66469
38869
-8130
-48048
-92396
32165
75294
36196
23155
95859
-89046
14311
-23482
-3746
-82797
25437
82832
60049
-55405
79562
-28445
-28157
-9072
-38047
-31276
-95495
33956
-31061
-25668
-40821
-77941
-55814
3325
-66794
-19588
-87440
-99471
-29552
-82064
36940
-17646
-33466
-27695
-13528
97
-96307
-82297
-40636
375
83516
36632
88714
77123
69858
19446
-86619
84739
69972
95093
25984
-24032
-90045
71172
-44416
73869
55906
-48474
-40495
-49528
82420
-20306
-61245
76475
-72219
90997
-93039
-98620
-89783
3319
-52989
43889
89897
73953
-69462
6603
13567
74992
-25053
90460
-50779
-5976
-56611
-22562
-47828
75631
-99698
-73266
12042
-4456
-7312
-97506
-99429
-33278
19985
46735
52009
1074
-54632
-21665
83243
72552
-65248
95856
30119
6154
74631
-34083
11814
74213
-75821
-83372
-99229
-42797
95144
44841
26891
53630
67075
42272
-11064
-61352
-84793
70551
67567
84549
11149
-24237
33549
-79715
-23825
-64162
-8345
33901
-89329
-41507
-95203
4888
96944
-94592
21389
15383
-148
-10466
90977
-87634
-20011
-62422
-73774
-50090
31158
96622
48863
28840
-58514
-15745
-13971
91704
-25983
-45742
-56912
90444
66998
-87588
-45359
-65920
-37689
82548
-96703
32046
-65319
17443
-61312
47263
-72477
17555
76830
32616
-66634
-4282
64065
76233
-16678
53491
-38307
-15572
12596
-46057
62820
62201
13480
-95700
-76711
97941
-8128
57105
6880
4668
94760
91509
-60644
67535
-31534
51798
71238
-6189
46306
20996
-94642
83946
3859
-17641
556
-80794
34052
39082
-30398
30229
-76522
-55631
-94714
77978
27852
-58376
-91957
-11609
22984
57851
-85265
21054
87265
-78516
-67103
-3312
-13861
43146
27314
-15029
28826
-526
-1083
83913
-88918
-12998
76597
-46554
-39018
1226
-77726
60504
-24254
-25278
-83218
16195
61304
-54876
12788
83083
28699
-85641
18418
76279
-16446
-87309
-81696
58978
73806
67769
43255
93441
-17370
37474
-32720
-12321
33339
1233
-86832
-35812
-97820
43439
-34501
-59751
-10037
60492
6317
4789
45905
-30996
-39870
56804
-17555
12439
71486
-4706
76712
-5765
-35931
80072
37936
-72429
-9899
35328
89465
4754
-80623
6234
-92007
-14322
-14325
84749
-41052
-56262
-5896
5396
93725
-60637
-27179
54255
19702
-88352
-45642
-67087
67218
-36584
-84830
-60514
-57129
-6426
-43030
71745
83625
-13999
34681
-81902
5955
-98787
21132
-63728
36150
18936
46355
-6319
77332
19820
-99458
-78732
96691
-93942
62262
92754
-50045
65379
-40295
-97937
10432
49809
-19482
68849
-8748
8375
-8806
43997
98480
29730
-35548
-87837
53025
17196
-69382
5127
13520
78504
8782
-34386
70489
5046
20348
-45676
-91773
47998
-99459
10825
49692
59575
51959
32380
93401
79986
76327
97382
89588
93240
72797
-10401
37448
-95226
-92987
-59679
34605
3457
78170
-31903
63861
-28544
-95097
91354
-13547
31522
76409
-39209
-86294
12081
42430
43358
-71954
-34214
-1677
-40765
-30758
-59569
-4980
-44153
63199
60952
-75605
68228
72241
-11594
17783
-4466
-13834
81213
-51818
-84969
-71371
-95080
75880
-52568
53576
43506
-91604
68989
-16508
56081
-74183
47762
70867
-62243
-72548
58530
96633
-46240
-28253
-8407
66096
-65023
10656
-33737
-89685
-79307
-49942
-88372
-8105
-93452
-36254
-92351
-22105
-76746
71443
-59048
-86881
65475
43579
-58038
-73077
-66803
79787
-7828
14418
-13964
33214
-30715
17023
-16543
-10523
-51680
-95751
-64172
64952
-16863
-61988
-4086
98449
79695
-32338
90552
-26762
58901
-26342
48287
79849
83733
-62372
-12390
39877
55063
41756
-24390
44632
45426
-42796
-18637
39152
72402
-83205
-31969
54076
31390
70170
-31604
66607
-22435
81811
-92671
-15320
-70157
30337
81010
95436
88436
-64350
-78651
53895
-96008
-43100
-58902
-19356
26891
37086
60858
51419
-20202
77343
-28120
67914
-8199
16286
53216
-86739
58083
27162
-27626
80247
74869
-5184
-11194
88300
-87108
-81387
19926
98515
-54854
35672
24939
-33298
-41889
35011
75310
30322
57142
-50044
23673
-76926
-455
18922
-42526
-41727
-83324
31204
79028
-33272
-23944
-7479
-13522
-19446
40462
87494
-19111
22835
36010
-32071
15337
-41147
-89632
78722
4419
-75190
64772
75030
87367
-29893
28484
-6992
-89640
50381
9235
1603
56958
-32955
-55210
-83651
24300
-31561
-48150
48887
89567
52801
-92520
-59053
-29793
-94340
-4411
41119
32725
-47157
20922
20921
55600
-39915
-8278
-96926
10992
18024
-2373
5447
-35347
4483
45109
-42846
32844
-8600
-55414
-20809
-18066
-70049
-20825
47533
84796
-97501
-20095
59592
-79346
-42941
33191
57118
58359
84060
-49791
-54332
78128
-51239
-57358
6395
-40478
-92597
-70072
-53222
1023
45497
36274
-97381
32163
65711
-40404
2713
-71755
-37737
25302
54342
-15475
90837
-98088
13548
-69529
-98507
13283
-4678
-94214
26023
35616
81116
-42674
86003
72753
-77141
68277
21836
-40598
71173
21041
70857
-42048
-90897
27760
17589
79870
-26547
82838
-7291
-96439
-1007
25731
74529
-22805
-10600
-60261
-75342
-33543
-56221
43025
41328
-46346
68867
-10034
-5511
-83400
-86705
96301
63639
26376
-91186
-64828
72192
49400
-67857
9039
-26019
57015
21487
47879
93525
-7777
75759
70709
-49232
60799
46607
45128
-10684
20570
54556
13827
-13966
32030
61514
-26841
13506
-90287
-84343
-35420
23727
-57475
-14263
27304
49745
39118
63018
-79069
-34718
-30674
46044
-1169
66977
-86616
83700
-33039
83427
6290
-53432
31450
91331
-46866
-61406
-14659
78801
-90092
-62332
-19999
49677
25319
-36250
7338
2553
81710
55162
-76430
-30365
-82023
86604
-6698
26378
-9135
-84434
-62043
29862
-13259
75227
-93972
86621
-63154
-50862
86382
-83470
77472
16309
-48423
2767
-27551
-56748
88250
95669
-30459
-2582
-61938
43504
-50486
6823
24240
-73120
-24851
-12054
96302
-55510
78626
22626
15589
-4322
-58687
39452
-31651
-89653
4999
-98318
60016
-45848
-12524
-64708
19815
6822
50063
-7821
-81342
45734
-61037
1850
-55871
8765
-72540
-6133
22470
83856
94294
-38681
68446
-83052
29304
77002
24831
-20418
40684
-36706
34194
79224
-3467
28668
-74201
-70837
27651
-75157
-37779
79722
2281
79685
97404
-78268
8356
-80252
-49741
75283
-20739
78675
78990
38575
-75081
87560
5350
98998
46572
-11881
-32391
2986
-68411
90827
-93049
23446
-75948
4117
-52751
10960
-93808
-38163
80169
75137
25900
44362
-76936
86978
54195
-5785
-26109
68215
75551
-57521
38377
57166
-34828
28808
-66156
6379
69584
18790
36463
57263
56801
15973
-21934
3372
-97644
85154
-14282
-76189
19993
-29987
-52388
81276
68804
-10143
58573
51792
-16144
54759
85259
-5527
83732
24427
-47844
-62948
-77201
37807
-41939
-63777
7796
16576
12366
15081
-92984
-6265
-91356
-76878
99744
-87896
-90680
-50077
-10516
43595
66863
-93584
87474
10047
-63191
-41161
78178
90497
30578
49565
-91523
-32581
-34038
94753
-66596
-7713
-41375
9709
-30018
-33104
21753
-57392
-76949
45617
65427
61792
-40541
-93070
49329
-4550
-61273
23510
-1932
-27449
-87721
-98715
-87241
-16400
1020
13402
-96323
8159
-96694
12893
-94259
81209
-91385
12860
-22819
80208
-35154
-78104
70063
68514
40568
-54527
-14128
85299
41192
-62372
57349
-96775
98873
-10998
34348
62804
-32445
70178
-69902
6904
44386
-12834
67307
-47478
-11577
34853
-67534
11111
29417
13256
-55616
-58979
72855
-17691
8970
-40476
65712
77190
89426
10880
-33391
88578
45653
-73673
56143
-72214
6076
37129
78142
-82373
-30801
-70921
66961
38187
91439
42246
65566
63090
-18773
15563
57350
55079
-64892
22188
-86684
59470
-14583
66580
-79825
875
78546
41264
41307
-59107
72325
66607
-98710
-99651
7865
-36073
5514
-29766
21984
-1826
-15708
41487
76144
87007
99618
-86778
31148
-2639
25980
58366
30825
44308
20611
32936
-31019
-44431
28281
-87721
-99710
-53966
24986
-58808
-8111
98481
-85602
62629
79608
-50499
-2591
-33333
-60487
63646
-3112
11442
6294
7009
-55858
27687
-73860
99574
382
-81135
18451
-56385
59120
50418
64925
7011
-84371
63066
15621
30765
-95275
43895
-36379
-44455
84748
-73593
2236
55897
82791
-94483
17027
-71296
-5420
-11419
-2048
-51568
-21816
-32479
23622
-77401
-33213
9035
-78876
-73187
-4725
-53934
-81086
-93428
62830
11666
-84727
57023
-88214
-46045
91339
95839
31443
-1826
69262
48851
25527
-28232
-414
13621
44835
25325
96887
75629
-47251
11676
57040
-38251
77672
-82077
-93219
66690
-63532
49449
-75681
-40514
-67081
-58170
-86529
65525
-1663
-63852
15765
-33170
21814
77262
-2262
-14002
62369
10434
33086
3314
-75133
-27231
67557
70275
64615
120
29171
26358
-49370
78547
77083
-53942
86113
-13185
47590
38456
14237
-47569
23262
-51083
-5765
-66818
54092
71070
39602
-46941
27567
-68971
44445
29816
-89206
-26165
-68116
-98765
62034
-28332
84782
-55451
83678
75644
-74028
-50620
93177
69732
9848
11361
-38393
-40941
89758
-73386
59914
-8861
71172
66626
47669
67272
-29607
-24571
-82385
-75553
-40021
-83701
49082
-62429
66506
10037
95599
-14856
-65935
-90460
-85278
-51598
53690
38166
63994
-73302
-372
8318
-95517
-21943
22290
14042
52436
47583
27966
92219
-32810
75017
25683
-53092
74831
40664
31133
82580
65630
-59244
-87649
43312
32625
249
10506
22994
16817
67874
94685
82296
31681
-78610
65805
25679
93716
27714
-50121
-74099
70268
60902
-65726
30096
-97588
21321
-96097
8867
-85369
-64968
-61168
95137
-49202
70713
-38103
16085
62711
-533
86289
74
-81484
-10238
24479
92602
5223
77583
-39851
5809
10348
-83742
6950
14289
-51302
-83305
99982
81341
-86057
-50458
95135
24458
-6896
-49861
73422
3750
-1898
30791
28354
-57300
11368
-15055
-24589
93069
-17460
-16003
-13381
64017
56461
-11016
2753
64141
77236
-47696
-96855
62967
-29312
-13012
-74633
23481
-1666
-61420
66702
-4496
-41409
-57038
44591
1343
-34675
37793
73465
-9224
-3581
82036
68572
-74113
-89402
-17567
-41107
83984
61530
-44324
-48893
-2039
-13597
-61672
-43972
-57152
-33469
59831
-56064
-30483
50632
81292
1774
-23942
25768
50720
-61900
-99052
80511
-15459
53687
63213
42881
52367
-93035
66260
78300
87307
53359
-69571
35594
22160
-29342
54863
-45934
-42659
-22993
-25630
-14366
9111
-56746
61383
58599
-90563
17117
-27217
-6635
-69891
12080
-1904
-13439
97558
-48901
72544
-79432
9166
29194
95145
-95476
61278
-78565
68461
-8787
84400
29692
-97356
61153
-39008
27641
61037
-43561
57983
17255
-95581
31582
-34530
38302
63399
238
-23673
7926
-6331
75806
90355
-60355
-37353
680
-59980
78254
-89877
52756
-35183
-20304
24589
99093
-68016
78035
77826
22966
-69083
38417
-15157
-49609
-36018
88827
15273
-41784
32585
-43478
47050
-26781
-60877
-16096
-45810
60758
2580
-46952
43726
42775
-23465
24789
-56022
20065
-18386
-93958
-80518
-90936
4346
-24492
-46426
25952
-80512
73650
-7442
31406
50348
98494
19237
65022
80146
-43655
52552
50758
-69385
81627
43369
37275
-94650
5617
-2495
-1641
69960
-49694
74527
17700
35212
-94830
-45732
-48885
12177
15032
-42151
-33327
-33325
15347
-72327
63028
-68475
-55557
-9273
23117
12944
36175
-66581
89767
-44499
-4981
67933
86068
-58432
58294
42560
53800
57784
51000
-14559
-73584
-28858
-92064
31502
54192
67203
-65344
-35802
-47773
-64156
19039
52746
732
70721
99950
67001
-59236
-20298
19402
-46078
98391
-55812
33746
70563
-58579
92675
97302
-28040
71981
-21933
61159
90752
-21583
36731
29419
-81454
3704
71411
14126
62803
-65979
96467
19260
-48782
34227
26880
-3942
-31453
59892
-70943
22166
60574
-96798
-15521
7047
-34550
17424
-80393
16667
-72276
-89753
4612
-59652
16426
51315
-94948
-31416
66504
-4904
-26073
5859
-50814
79149
-13653
95465
-3331
22642
74419
43895
24514
-92659
-70254
-41004
-78252
-25951
-64402
-65293
22028
-47435
-5190
-15475
-57137
63712
-85812
-4241
26863
11451
65031
-65940
-58203
82476
42222
42985
-80068
-93896
52504
-53140
-64910
-17282
-81110
-74269
45595
23666
11727
-95948
11148
1566
44227
-32989
-78977
55713
16853
-35951
10222
-36195
13875
88640
19341
-72372
-76202
-10552
33569
22429
95660
-72251
-16513
40691
-46221
-86414
-74587
-10597
-13799
82348
-34378
96733
85739
97084
-53489
-10483
80201
27764
2470
-16392
-10235
-78486
22030
-26496
77720
7948
76882
-39750
-13634
-79675
87601
58543
-13767
-23775
-22138
-55375
-30453
-26024
-77819
-4923
-80745
68743
-7684
-70327
-68352
-51822
-91974
-50204
16291
35815
24366
-29455
20494
17200
93275
37139
-26161
99239
18954
72229
-34084
61333
7511
-86552
-21697
64843
-54631
97821
56781
-19684
59517
90313
-91001
27949
-39761
44433
-2700
-78935
69287
24596
-46337
-92128
-69704
11089
-50930
63474
-6589
57119
-52611
70677
-70408
15439
-90430
-19562
-68923
-10704
-42516
97256
12362
-34073
-45627
-50221
-56529
52183
69712
-1026
31930
77295
-13818
-77309
75222
14562
-66980
-31953
15350
1916
74117
-63126
27598
98684
62105
-48289
31835
93822
-45237
45105
-18611
-10174
-5586
-71123
-60692
41740
54299
63759
66578
59298
-24072
16699
-28546
-58024
99048
51321
45204
-52448
64401
61947
-21235
33595
25038
-33858
94941
55318
-43002
37135
-68411
-9658
99212
-10406
64376
-60028
58891
-13779
-32493
-38873
67138
-68467
-76735
-46988
59794
71439
13360
-55833
-3652
-10418
40820
-4925
-9976
-61953
30743
-86550
-55350
-38219
-37852
66683
8013
-31596
36952
86599
64453
81257
63156
78865
45532
11254
-47485
26832
28845
-9043
44569
-67740
52195
76043
-1669
61549
72760
-56680
-3573
80105
7720
-59694
-71961
99237
31973
29552
-71797
-54224
-10008
-10634
50155
11305
-48445
-3408
6837
-35239
48017
-80324
32658
-76323
-3112
-57064
-94898
93480
-73711
-84612
94916
-16861
-62412
-99257
-68178
61012
19476
-59078
-60170
73522
-22323
42619
32940
57416
-19396
-54049
79150
82514
81588
36336
-36988
-61024
10366
82143
-13545
76728
-81061
56077
-17632
-82033
47361
-85183
-10003
-13015
71886
-95778
-8779
-47305
20620
-73497
-21754
-78193
18007
95766
15590
79646
476
23077
72094
79807
-17671
-36488
50485
-55522
46252
-82149
67775
-47424
-45163
-62103
75342
78712
31911
-39045
25024
-67423
-99763
72067
75247
67005
-58553
30539
8916
-28884
-25194
15813
88307
75936
37681
67077
-36861
-40734
-42316
-65765
-35199
-28783
56815
27540
86340
-26340
54078
28037
-24812
-3758
-58539
-53251
-52112
-96525
50584
-59530
-84789
40567
30841
77000
-15782
-6860
64112
-32113
-24014
-43069
-13685
-33500
62034
15379
51279
39958
-94449
-23149
52441
-94251
48872
-81101
74739
-67214
-7748
-29078
32459
88845
43028
-61577
25020
-97493
-77254
-65506
-39669
25869
88998
-33555
-57925
-22441
50741
43127
68170
75310
80623
-9404
-34274
-85048
-3745
32228
6484
-70205
-73411
35846
-88176
19995
59735
-47246
72498
-41759
-2730
-86730
638
92624
75470
65215
-56218
-44824
-9202
31512
96825
50675
68218
16367
86432
34020
-99627
-60547
-98297
86102
98508
95974
-10254
11854
8316
-94501
67827
-17115
-19756
-54643
26180
30356
12508
-71522
-77448
943
-79911
98044
94691
-13925
-47014
-29265
-51654
92728
367
-98522
24204
-92064
-20071
82801
-90068
17052
98902
-8842
-20172
-52878
28072
25036
31342
-83777
95506
-70409
18093
-92742
8363
-18623
-86345
-9007
-58580
41226
-91744
15843
12656
64135
6544
-92347
14068
-35481
59262
-14676
-55942
-75123
-3799
50260
-57971
-6200
86286
-57607
15345
-94534
62568
77589
-17369
-52337
-48040
-69795
-32115
-25171
-87730
86312
29941
-9911
66869
-62281
-95613
-97750
54277
91050
79529
-12853
30048
-91341
-30437
-52050
21967
51714
-10617
-32613
-10131
37124
14574
-36437
-22813
-31796
43261
16972
-48624
55207
28379
-62662
-26935
-40310
72125
-65751
-67188
68723
43815
65164
39405
52315
-12701
-84266
9273
-85976
-80491
1433
-6084
95194
25706
-67878
74517
-84645
20210
28120
-52652
31700
-94218
-90441
37405
-65467
96704
56607
-6185
31974
-79070
-86410
57664
96007
17350
11508
17491
-89077
91190
-24727
54815
83380
85392
-22304
49585
31331
26408
-69827
-62480
-20315
-54581
-2006
-33094
90064
88057
-34260
-66886
-90153
89022
-424
-74148
72942
-39026
5148
57149
-90078
-30012
13206
-94644
-46508
-23061
53275
79269
-8050
99856
-85181
-92039
48942
96923
-79866
21823
5274
40111
-11086
-23486
-33479
67201
-82491
-51591
37876
-95546
-17413
50159
-58174
77279
61190
-15072
-36752
40659
-22767
23085
-32442
33862
94769
97567
84678
93304
-84519
18418
76095
-68601
83072
-83136
40748
55065
-97527
-36738
85889
-67596
82387
-20456
-86198
-40690
-57291
44925
-76108
-31300
56224
-93289
52904
-91206
-23100
81411
-87010
79081
-99729
54031
79157
-57478
15125
-84445
-82462
-37165
82978
-98096
77800
70274
-28287
27762
46363
11977
7524
-37405
93393
-55375
46928
51661
70975
-64221
-11354
-82731
-43346
6199
-98031
37945
-35398
66487
61352
-12705
-82601
72596
89753
-15072
14650
-65287
-9203
-95989
10658
77279
74734
-1362
-45327
74250
38436
30481
66185
41988
90382
-47276
23334
-35632
-92984
-94198
67675
51353
38262
-35468
-88264
55136
69677
9133
71419
32347
-94225
-73727
63727
-425
19700
7623
-31698
22806
41493
66493
-8791
13440
97755
-12200
79485
87434
19020
50384
-80578
97398
51565
96855
64020
5158
-84291
-86751
85828
-96861
58548
-49169
-88361
75342
11628
-94892
16599
13256
-76781
53346
55376
-97848
-11716
86524
-30655
79254
7305
68492
-86202
51924
35785
-15870
-80754
-31810
17451
86082
92860
37108
-83974
12945
-53394
-49461
78332
76162
65104
43815
32293
-24636
76289
-91748
-20800
-56630
-22015
-67572
-8597
13024
90008
45252
-62567
-43369
-47068
83289
-14812
79669
-55956
55646
82788
95991
28642
-98274
-76925
60571
-82040
77308
-29964
64288
58625
-36059
-70181
-35742
-79341
91937
-80505
-36362
-53650
90051
-79066
64104
4042
94049
31308
33356
-23206
93825
-14108
-92074
-65016
-7473
-53137
82324
-79154
-94993
91866
79412
20629
-68811
-24514
-32439
-98276
73160
57706
10813
-69784
-67809
82683
-32427
34645
51647
-41782
-86645
80294
11588
66670
12895
-81100
21550
-41626
7113
-18280
-58429
33514
19045
-49462
51034
-5551
-64112
86660
15065
31116
-27833
-54450
-71778
40513
25454
-94612
34405
-28643
-86005
-90774
29140
-85697
-42233
-91260
92145
-95527
95349
47510
-2625
16678
36699
95669
60924
66746
-16517
-3138
-48382
18648
53610
-69711
26782
75755
91245
89970
69700
52543
-95364
-2351
96690
85948
393
-26895
-20612
-87122
-10409
-65608
-7742
-8633
-400
-29783
72676
-12143
98665
25235
-62401
32523
27572
4220
28089
50622
-45926
98921
-82153
89649
-74749
33291
2857
34443
38470
-11478
45001
82707
27710
-37519
23074
36519
-29752
-48533
-40160
-1999
82052
-85185
-39364
81097
27895
84273
-88788
-58977
-79002
35303
-5519
-41299
-33981
21473
-51075
-6105
-47602
-51621
91379
-16918
25771
8312
-91418
46735
-15807
-14044
-11437
35876
-77922
-54275
78115
25007
-7952
-55571
-40540
59478
80925
-66181
37420
-93704
86770
-50441
54126
88298
-34806
92007
-64456
-86441
-84959
-34293
-88373
-57870
92999
-70518
59699
481
-64764
-18731
-94511
-50928
-23167
74062
66886
56534
-44298
65874
-48313
593
36476
-96688
-54534
-74017
36054
47416
78323
-79452
-47231
98671
10937
62142
39268
57082
60383
-98329
-19479
-23687
72976
83713
-79174
-26620
42307
-80150
93389
83110
573
-84277
11917
59482
64885
77704
-44728
-48820
73250
22389
-24693
-18679
42596
77260
-33585
99838
4326
-45924
96442
87864
-17320
-22855
-86184
-21716
-94285
-5075
-73879
60176
99264
-24270
-14498
-25657
4734
-28604
38826
9823
-12222
-26330
-60942
-41484
-74016
88542
-97213
60496
73842
-54007
-46294
-74258
58036
-56622
-5428
-91044
-36348
10846
56805
-818
-85865
-50647
-64712
1543
10985
-13611
-29765
-11843
-89183
-92335
97595
-67034
68651
73079
-49485
66256
97001
38645
65707
-5562
76544
-70963
-87706
-49788
33321
39712
44736
-66186
-19446
-24916
-41427
38281
44868
-45935
18526
-80946
-48981
-77832
-78954
-39778
-30111
91678
98480
24918
-22691
-36469
-99675
54411
94262
-11329
-30364
-61483
96964
-18485
-20203
70012
-27824
20141
50194
-83004
77750
23431
69290
-87773
-25444
24409
-46073
-68657
-93834
46797
93679
81918
-74294
-87268
49200
62975
42063
-94714
62980
-44028
26398
93447
26380
-45799
7517
-62935
-32550
62788
-40532
-13917
26830
-18617
19063
-36717
27692
-39229
62275
89293
55652
-70326
36038
52411
-41919
-62495
-69973
74648
53754
94591
-58936
-13118
10505
18126
-60692
-73126
65593
12467
-29042
23380
-64602
10438
-32733
42426
14087
31029
74235
35841
52760
69425
98559
94118
99123
-48135
-80245
-36528
53867
83573
-28854
-3372
15219
23748
75556
40565
42827
58368
30665
-52334
11289
89385
62102
58281
70911
-27797
82703
-40802
71624
-95576
9412
-53612
-57631
-53419
61663
-23302
-77727
-85762
5366
-52387
-97486
55157
60916
-32221
-38024
-11544
41780
49982
65935
-10221
35798
9115
94589
37561
-12166
-28387
46885
-95590
-84555
85372
-71898
19810
6867
75134
57382
74032
94429
7477
-46432
-60362
-80377
74093
5288
-47546
99884
38873
91997
56630
45484
-71651
-61790
-83873
-20796
32372
48295
17194
62357
41247
84552
-85678
-54643
-99797
-1032
98387
75864
-23843
33589
-29509
24313
48180
-70172
-77964
-88776
5901
-88807
-92410
68811
-95255
93919
83128
96805
-50409
1382
20222
-98107
9158
28723
38387
39896
447
43626
-85595
-20507
-96268
-26222
66966
36875
34234
-33053
-57932
16497
97804
-28643
72353
38346
-87793
-3321
-94894
-52123
26767
-71962
23472
64238
-62399
49705
33586
-24774
2557
26653
-71779
80825
71234
-53038
38085
-97136
48214
-48935
-3686
28569
64564
96843
36720
10022
-39948
-2996
-72372
-29631
20010
63291
76084
47454
-7362
24975
64359
-39146
78584
-61140
-68751
84746
-24880
84529
49141
48553
-28024
-78548
-48403
95630
2096
18269
-9058
3568
-67025
53918
-63159
36675
-62453
-59936
-31235
-46742
-6971
37783
74885
-39447
92435
42363
-72634
77295
1733
30268
24644
-6516
-34615
37086
-52933
-13650
56738
-6995
56395
-61969
-28402
-90096
78674
-86049
2095
-16800
-94249
-39383
41568
30013
75023
49406
-6141
-96061
68892
55017
-43445
6010
-32123
-98870
16227
82276
31022
68081
51495
65667
-38657
13613
98181
-15178
17876
71040
-68736
-24183
34776
-35340
36354
53829
93863
61425
31801
9740
-79228
-34171
-54855
80623
62302
44094
42653
65673
64325
28385
-73044
-82211
-6921
-39485
76446
-35592
-21987
33784
-68423
-73638
-59598
-21980
-61674
-52299
-77945
-474
95701
61454
7489
-42478
64877
-16582
92327
-52246
44637
12014
63991
7697
91623
-15638
45756
-87181
81553
-96458
-72760
23741
-70565
46590
-66003
-21135
-81605
43409
-47981
-52255
-74047
5627
57978
14378
-61920
-12680
-89024
8933
63461
9274
-52275
-71175
-92286
-36406
-45855
-78608
34874
-3922
-99140
27081
69197
-66436
-67807
9890
43721
-34068
3324
-94020
89572
15274
29492
-74284
-99824
71227
-45909
40658
-53469
62502
29855
43916
-71447
-84997
29291
44907
52368
-81738
44311
-78499
-697
75958
-14726
-22719
-88811
-52606
9049
-30453
94427
23654
-16673
-4011
-45369
-47803
71100
-60350
11726
36820
-1917
-6679
24600
53921
-19550
83300
-80726
27235
-66499
-70768
-52603
-82863
59606
68129
-88800
-21544
-21385
-33622
18816
-20643
88180
-28508
-44820
-16298
-23771
15355
-20159
48066
-25829
66148
-43697
77878
-88551
23250
43764
-6136
77744
33158
-64408
-20825
83426
-39117
97786
66256
-12833
53822
77602
-91992
99205
62391
32121
60411
61592
10037
91288
61657
-87553
48220
-79014
-54343
67893
73616
-35415
-35783
89604
96881
-33119
-25021
-74288
77136
-91404
-825
-60573
-92436
11848
-22880
88757
91379
-93947
55320
15321
25811
-37124
24279
86422
60218
64519
59814
47922
33589
-16532
-81762
47768
-36667
-78319
28143
-64611
41218
40039
-74860
46475
34719
-85442
63713
52179
-32073
88439
16047
97352
-57349
-26265
-90006
5240
-56205
-39267
-36256
25193
-27795
96135
87586
-65809
38704
70276
80781
-25625
97585
-43370
10112
46560
20536
-97097
74479
-17520
91913
9714
12128
-94628
86487
-12108
-86649
-17887
-1555
89986
-64602
-57285
-71798
-11946
51105
43138
28900
10684
-58154
-49412
75327
-76397
50118
-23608
4168
84582
-86273
-7504
-85438
-81970
20958
88676
-10203
43383
28904
30874
-83048
-52308
-60287
7649
91190
-87689
-18804
-7449
-71813
85088
57857
-303
79898
-41428
87925
69886
43299
-30647
4120
45529
-48914
-85676
83581
-12356
71279
74530
46292
80708
-71274
67452
27567
-71889
-30214
76026
97788
86586
48717
60812
-50905
-35470
38028
35638
24093
-2906
53085
-70115
68696
-61436
87327
91749
96932
-79474
-21695
-9808
81738
-90581
14551
-79372
-232
32367
-57284
-98087
-36570
66481
11282
11740
76680
-75291
-76417
45514
-26441
-6754
-80134
-41872
96712
-54069
37655
-4972
86411
-93084
12961
44755
-67780
-48220
77574
-33695
28998
40719
53974
21977
24199
61848
-22175
33167
-27578
76297
65067
-32273
93820
-99510
-32733
9504
-29157
93594
-23868
-11914
-27792
-45886
94371
-41020
-35221
39155
-51040
72159
14515
58520
-32314
-17668
-47614
-90363
51909
32281
5539
38222
62471
-64287
-85955
72604
49446
-58525
49424
-46670
-61734
45701
42227
-27288
-22651
-15694
92280
52755
-78410
-60111
-46
-80216
-18529
-4770
2745
-96930
41532
-43634
-1785
-88283
-65399
13739
7781
90115
99579
-59908
-94205
-57931
-36762
79392
-54335
45632
97088
89639
69781
-53839
90067
47337
-16078
-33102
-57548
8786
53974
4806
-33710
77495
-36546
7075
14250
-5593
-66672
27552
49992
-19719
-37055
-96028
-95036
-90730
-57456
77824
-87681
-46402
-27880
12296
-12891
-24279
-94994
43903
6017
69135
70564
-39608
-47538
94802
12962
-26417
-15347
39187
-37796
-86106
-65545
-33677
-87744
-93007
7358
-46592
-44998
46649
50531
-32929
13868
74050
-10438
-98470
-77703
-77028
37336
99941
-61024
19125
10843
-84919
59860
-94763
80136
37661
6306
-99087
85141
93835
-82443
93210
-49305
-22640
-84491
-3164
77223
59874
51452
-76258
-13482
33561
56257
83928
-77161
81363
-67159
56746
-60101
-20278
-72432
-68805
68320
78543
29553
-40645
-47008
19014
-83760
-91405
-58845
43944
42224
-19478
96411
31400
87219
-97994
41001
-7025
-44462
-22174
36997
52434
71406
90975
42061
88530
27715
-11981
33724
-89051
32947
-58191
-20259
30091
-32734
-84345
-62386
64239
69685
-74679
-27255
-28351
67707
47227
85021
21719
-3367
-76109
-15655
36032
-95352
38148
8259
39936
-45310
58748
-57973
21949
-4653
-74682
93409
51502
59653
-85573
32840
91235
54700
71994
-14455
99662
-34139
-4227
-23464
-80733
-33048
-99320
-9143
-81272
-54155
-1189
27650
-38969
-90500
-66111
-9847
78868
68370
57919
79182
-56695
-74928
-22572
44549
34335
5044
-57305
86603
14833
32449
-11760
-14215
54636
-78022
-83150
98696
-91561
-79009
-13115
52095
-76018
-71455
908
-34687
76769
95116
-30531
25694
-92664
46433
-5289
44686
71591
-96785
-74236
2591
-69126
53527
49818
-72812
-60164
5935
8058
-85140
76310
75171
76306
47114
95596
-23999
25507
-34245
15357
34739
89451
-35628
85852
56522
7220
-12584
-44856
50232
9938
-21030
-88258
40611
87204
31837
-65568
-54271
-39417
85215
-78884
81563
-30628
40056
-81479
95452
-25609
-20099
-33417
68592
-17177
-34544
86639
62644
53581
58087
1051
83162
-62633
32700
-77789
-34002
69653
39314
-63993
-51454
-94715
-66373
-73525
78973
77831
74139
54989
-8422
50397
36184
-41176
21958
-89658
-47855
-93315
30522
51127
16643
-89482
39224
96838
-42341
20820
51110
69356
-68846
-96127
49565
-9190
21929
47968
-82159
61421
40511
95072
-88664
70586
15547
-65401
78627
-70367
-56034
50424
79583
23440
-3222
-94588
-45901
-21791
-92447
-50992
-14803
11592
2400
51813
51709
82178
14651
46690
-88288
20929
27774
92793
38659
-97323
-15313
-3958
-69163
66592
-80257
-87380
-37713
73720
-20872
-37823
-55116
-78727
11496
-78999
-21231
-60275
95684
-88262
91559
-12737
-55012
41278
86110
18971
-62140
58354
88320
-61687
-79236
1151
-64015
58576
-53005
52735
-40703
46972
30691
-56766
-36950
-25369
44680
22540
-57125
-15918
-63939
99475
-43777
66638
42764
91368
-40212
6994
-16696
-18779
17106
85222
28488
25464
22772
-67302
16785
73945
53647
72508
-16076
89732
-52175
-54955
-45551
50742
-50291
-41671
-12530
-59363
44988
93073
-7972
-73242
-92243
17433
80474
-52668
46524
89301
-66711
92685
79961
-79283
-46158
-40053
-68277
20915
96252
-91798
-71017
-38060
10149
15025
-41918
23303
63057
25012
-21916
1210
2431
-70185
-20563
58814
-59854
4948
-63478
-75906
-58592
-3721
31510
-15370
21892
-24415
-99833
-40861
-64916
-93689
-58807
64846
68257
-13470
-24923
62078
-34866
-89656
-39512
-42763
-71821
-86041
-3840
20172
-77847
-26394
11157
39030
2701
6179
46614
49720
15550
38913
89861
79238
-14414
90266
-80056
6092
11683
56527
-24614
-48607
-43857
33954
63962
-27912
-48707
12454
48165
-62939
-95447
-14996
-44778
-65115
30597
-60014
-11015
62487
68360
-74237
55766
-6090
25240
65976
95855
26178
-34413
29436
33260
73275
-8849
30746
-93573
64249
-57006
-88053
-51834
1138
-48602
-62242
51915
-97883
-3114
-70297
58231
-73220
55774
84327
83123
76590
-26558
-67707
5111
-4133
-36962
28979
-78761
-43763
-11574
-95701
-4398
84413
34491
-57626
-97496
-2732
-80804
-42857
-17934
84952
-53593
95405
45767
77290
84383
35011
-17228
-90962
-74441
45098
-19492
69096
-88424
-61132
46797
20668
61009
3160
84285
57557
18616
-48944
14951
-2471
13846
46341
94517
44930
-67200
-72699
-73812
20494
37950
21860
24026
-28525
-36413
35810
-96087
-45345
-43787
-72397
65808
25087
50137
-7497
11680
-123
-57190
3819
-95060
62641
81192
-99322
-10714
41183
26694
-62561
81705
-24836
-57145
63408
58413
-59979
-43532
-76161
26372
-51658
-90549
60968
-16420
71598
75861
97965
6241
-43740
41758
-88915
-89438
91384
22526
78326
77754
-5672
-41615
93259
-60312
-36191
64268
-89074
72284
-37603
-40673
49314
-91323
19318
-55356
-20658
-28052
86147
-93838
-41075
-58511
27708
-34800
92445
-25187
-96972
42723
24141
-49812
-74424
68325
-35523
44316
-88372
99516
18128
-29171
85526
-64372
92061
-58975
-10693
89747
95401
-52745
82471
-59006
-1580
-94107
69744
14902
-84640
25968
-99843
-87637
38706
89453
51783
-80148
-55051
-63596
97201
90504
-67094
14517
-29021
-21351
-90119
-78283
677
-68078
7506
-26990
-70983
59090
-60258
3795
-28814
22258
51974
-7389
94840
33572
-29823
-52514
-46764
34181
-63385
-22775
84421
-7508
-73785
3296
-83518
-32158
52636
-32853
7908
-55729
55961
-80866
39737
-98677
-43738
-81676
47854
-40108
69003
-357
-59645
87141
97650
-44530
42540
-25891
-3358
71302
-75022
65011
25925
77456
29936
38993
-85596
59400
73268
-6857
42502
16058
-19916
-58876
-64462
99389
-56889
-58026
29653
-57647
-60398
-52477
33086
13519
-80401
-40601
72393
-99973
-80467
40140
-39264
88351
95741
-23631
-7423
-74175
28825
24804
9867
-80116
-55994
-87041
-54370
53294
72981
-98660
-55858
-92403
-30033
-16036
81927
-87181
92800
50369
37190
59238
67159
-39029
74215
-23028
-85554
11635
89147
-80277
15169
-98317
-36980
-44851
-11471
24975
-90320
75018
-80828
-26309
-79380
-35157
-60213
-1293
136
-49522
50986
-67034
40744
61421
-40518
-9871
57995
-14855
80498
-18441
-78126
-12839
64913
28116
79082
-88468
-52914
-13675
-20216
69372
539
-58019
10955
20146
-27135
-86813
-33507
66867
57454
81460
-72493
62071
76846
-23820
-93253
-97092
-83541
-9557
96131
-16075
-32390
57513
-47624
69251
-61558
45828
-1243
66377
-17840
-45853
57740
91526
-39242
-17150
37224
35894
43207
-61931
-63812
-39323
-46531
-94641
57048
-58587
42521
-88366
74865
-26223
60824
-2502
-31931
-74689
-58572
14262
92650
-59339
80129
-91371
921
-63175
67316
-86247
-14255
82447
41923
79551
-52352
-28764
-46359
-40019
99638
-81053
15994
6387
92307
12029
62877
79965
92495
40963
-14538
-4945
14387
-31030
-27709
52258
-72452
48873
-68101
-80087
-16931
19116
-48351
-67995
95083
-19278
93079
26748
-37211
-53645
23636
-40123
235
95434
-13195
57149
91845
96910
70719
24448
46459
-93224
-3326
-42513
27642
30185
15394
-14180
34580
-52321
-161
54659
50396
-57134
88674
-40547
-86253
-17856
73761
-35125
36080
71754
2062
55931
-79619
-95856
-55338
8788
80796
-26554
96007
-12376
77631
39189
-76376
32134
-95599
-41803
4955
-39879
52882
-71433
-40991
97742
96285
-17144
-36339
74582
-71671
35127
-91839
40643
91112
90182
-32963
-68743
-45807
2922
-47440
83189
32225
19644
32623
-3665
-39910
36152
13423
-51313
-72367
45675
-8338
-86589
53692
-23804
12803
12010
-62648
76015
55830
-16069
-8489
-65641
99186
-54796
29604
-42068
24184
2280
-17822
-76179
-8910
21025
-70970
-39077
73406
11273
-73383
85737
14410
-50856
43066
-13180
87797
-57423
-2930
-96444
-63949
26665
92990
79739
-208
10845
2892
5469
-43352
88495
54878
-24798
-50844
-94990
-93613
38153
78647
-92222
-64460
43250
65512
-28117
-98590
351
43421
47865
25767
61987
-25477
15432
-29398
77537
32346
-50190
35683
-40229
-24720
91937
-25162
11787
18645
-63788
29905
93653
-62383
-74715
-29147
22785
-59049
-36094
99273
56228
61761
86127
90483
3822
-94307
-75994
76635
51866
-75517
-73984
-94302
-71110
39130
87917
-67025
-42587
40084
1162
-16889
99215
-62033
-10371
43324
-89037
-78574
30146
-18051
-36310
71815
35560
46681
83585
89646
-10821
77101
-87143
72713
79326
-88614
-36038
5717
92131
-34530
-63798
-62203
-54826
-16986
48888
52565
-48324
98161
-89368
-70371
66130
46946
70317
-41497
-81974
-3242
-23327
89688
68558
-76936
67680
-75284
57637
98454
53925
95542
65317
-80334
-61688
-18119
-79155
-77321
79638
-57221
-88014
77194
-11092
26486
-81400
-11517
29737
-39908
-15997
-23036
-27123
96087
-54700
17984
67622
-65486
-18902
-62059
-12606
74793
99130
90078
-24956
73057
90456
-74885
-67791
27317
18694
-70838
38502
-67740
-76875
80538
16752
29799
-93259
-33487
-37315
47538
-13165
56623
-14245
15932
85049
-80261
-45442
16576
-44588
10751
24943
99152
80271
98094
7686
-82469
96393
-30012
92507
-91809
27628
44903
-58999
32834
-97302
-7856
89448
-66545
77819
70316
49554
-41915
-7502
-79291
38293
30829
-8097
31056
-90293
85488
85595
32095
75474
-60716
10869
-38461
60197
-20126
-84071
95099
-57979
-30691
-13420
-47145
12739
87961
-77388
163
71343
81602
-13093
83451
11788
-86892
-30944
3188
27827
92432
64976
26989
-53893
-82961
-98747
65253
-29252
-15804
39583
28356
-62679
64930
36368
49669
-20598
-96303
-38401
94248
-65004
-92492
-30456
-21055
55659
29954
-64944
-48222
75756
-99289
-92006
-53613
39694
-76235
33414
-30888
63095
65097
4820
-53843
-96157
-54272
-80916
-99924
-83706
48913
43953
-48775
95795
-43311
18475
-65548
53280
-32252
-19674
-54760
-1726
24459
20504
81929
-80017
-83427
-51127
76819
14683
56611
-6766
-3143
-52644
-77492
-54372
30729
59240
78161
-10592
64500
-56819
13375
40332
-83669
42942
30500
91392
57387
-11921
94622
-79802
-91524
38967
52848
55603
6113
74906
45537
-97024
50047
36872
-31315
-10209
-71775
-13681
-487
-12896
-7702
-93597
53908
-17750
75041
5756
-80693
76070
-12453
37805
-54386
7990
89866
96584
-14793
25374
56343
21618
-36683
-47304
-34594
-91997
-41175
-82722
66376
91976
-70611
-86515
7276
-75318
94475
-49891
-26571
17581
56594
-20605
-88908
79050
-34193
-59066
48788
52241
79337
75191
33409
50445
-69131
-73414
-45865
-12706
-80496
28144
-6229
22431
46341
57419
-40958
63072
-23960
6681
88779
15362
77554
78858
-41050
-76758
-56869
-42598
35872
61320
50021
99273
33488
-78451
-79866
-82116
-63784
37931
-18479
40047
-99029
-78829
-70759
-16029
7145
-32905
-20176
-5976
27032
3856
-96222
77274
-30078
-61110
4122
-78270
63976
25083
62227
-61516
39116
-3158
33993
-17803
66362
2519
70859
1485
87909
-88378
-91434
63711
-74501
1027
57404
-43563
-46279
97374
38391
-52733
38666
7660
-39503
55747
56987
-18675
26414
32180
14485
30557
28866
97526
13004
32295
-77404
-9715
-58164
94941
-44185
-25511
-74968
-4056
-25358
-5647
92804
69586
85143
-62895
42262
8520
-89790
-82612
68778
30161
21029
-13836
37521
36794
-29823
27348
67364
-31903
-22022
57092
-68815
-76856
19393
-93729
33079
18412
-98222
-98991
9219
-77540
-62534
-11823
57517
-62870
-52708
61874
-92091
87755
-23161
6726
-69478
7275
44985
-72761
-52704
91641
-53218
52170
-98618
-30603
-72205
-74009
-73016
-25713
-8892
45116
-96845
-21255
-94872
6040
32644
-31162
-50594
-97229
57656
-37737
-16931
-71221
-28014
-29102
-71751
53827
-60505
48378
-57293
23069
-22364
8791
79211
13758
-95022
66566
26626
12087
33777
20797
31045
-11521
58217
11609
83600
17058
-36288
31214
14138
-30669
83467
-32260
74852
-41911
85447
71674
-37638
-41437
-85659
-69128
-50568
-50167
66794
-53536
-93329
-68257
-44923
-48986
86847
-16410
-23300
58940
39829
-86373
-5100
-26923
-17211
32889
-68853
98318
13462
3227
4548
84650
-64133
-1277
70568
24860
24256
89574
65959
58548
81268
10851
-26378
-23756
-80802
19490
-10326
-49536
47363
-85848
55808
-61950
29964
9966
68712
81268
-95589
-18010
45303
68993
80529
-9318
-25535
-37979
17726
-19188
11098
32496
59257
40968
7890
-48397
-51551
-69292
-57282
-79863
28582
-20565
-51591
-54720
-25439
30323
34866
-29290
15522
-67597
92847
93242
48103
-46795
28307
73829
-18756
-48758
79591
19728
-95069
-13902
-409
52451
67817
-77068
26452
-50919
-86402
-53052
-71242
81062
69279
-46228
-50948
83040
58526
-8019
-98608
-83156
17162
-72112
-43028
73509
-64666
83693
51432
-56706
3679
86327
74653
-73006
32603
-18010
87470
-44074
76804
-98616
47889
47190
-28027
-45261
-85177
42412
58097
-12784
58199
-98271
-14765
-97040
-41488
66280
-47591
-19496
-80782
-80044
2842
66058
-37852
-47722
63269
23800
88347
99351
9634
54133
66744
-16093
-3665
-27141
17757
94192
-27849
96350
28848
98038
89191
47083
-76768
-59446
57644
13659
-97116
26481
-1407
-14122
37089
25067
45437
22616
69041
56243
12347
-70083
51653
-65057
-50159
-85194
28377
11690
-93298
-94811
-2960
11109
-31855
16815
-61046
29129
-63843
-4789
-38852
-72162
411
78193
-91194
8993
92430
56536
-93361
93033
-39595
-99863
40529
-57989
46800
-90095
19015
-62366
-27659
39255
-18744
37840
57398
42497
30256
7244
-64706
-21149
74525
-45886
-37293
46334
67521
-10789
54750
48644
-71689
78419
-5556
16641
20922
19134
45680
62506
88175
-15474
-81040
-22127
54276
-17760
-11354
93342
85044
-82848
-46823
88917
-97421
-73895
96750
-80336
56260
-67640
-78681
-20938
11746
93613
70033
86286
69440
82881
87814
-88601
-57669
17554
-96503
-29856
-24027
-56848
16507
-31988
-36628
1548
53499
28587
39078
-45267
-27856
-98439
51412
-70744
-32772
68
-62369
75774
53687
99027
21983
92588
19214
49341
-36764
24178
-10654
-59569
24063
-90030
-87565
34966
-32462
50125
-55321
-90475
-22968
-8939
24489
44024
63072
-62107
-24870
-72573
-61625
43164
59526
64311
-69918
-30348
-12239
92317
-25412
-9259
-51016
94791
97027
73837
-67237
24224
81034
20845
-11491
13588
-92830
-28957
-22543
-87476
-27260
-71307
-9565
22761
-8606
-40035
-80430
43136
-79835
79484
7300
-89953
-25743
64183
-15570
-82433
25110
-15567
-87428
67962
16715
42051
-79400
27943
93362
-73109
-42384
-75164
-52943
55593
-42712
10785
-28168
44765
59624
34052
-67821
-75926
-61483
-25067
-79722
57101
33467
80544
8794
-39556
-67448
5170
-24388
64129
8512
17770
3951
77609
-57814
-96474
2068
33284
76491
68961
-4810
42743
-14680
49038
-43382
72137
93167
-40076
-79596
-24941
-41574
-90565
-93883
-70110
-50757
63945
-92496
44742
64585
93878
39601
8650
49258
87971
97935
72077
91037
18776
16775
-65567
74630
-29458
-12122
-64183
86345
73804
-28564
-51653
-33966
30341
-88496
-22835
14869
37231
24246
52992
-32509
-45319
-71913
-38224
81755
37861
1197
92010
-91184
89810
-38768
-94840
98033
-33036
-95034
79930
-75858
65214
-54954
-32533
20679
-99876
2173
99631
78086
-19403
-37738
-56560
-64246
-21210
-8131
59680
-80636
12530
-8649
9876
-47990
13726
-77014
51401
-61487
-64133
-72351
-32883
86361
11959
17658
14030
53380
70415
53869
26562
72412
98953
-30374
23508
8615
29837
75365
95570
30875
-27503
46604
-39577
-37813
34311
90995
67328
-21172
-56115
-70456
88543
-78039
-51330
75867
55118
-79274
-1599
51220
51424
-14663
-77706
-39422
5967
74354
83749
-96055
-21844
1267
62302
86418
14188
-94153
43455
-50409
2359
59080
-42440
-57123
-27174
-38547
44404
-1969
99319
-88933
-92959
98994
90883
77155
-10298
40584
63538
4962
-55569
-24837
16629
36489
-25822
18978
-65502
56156
58485
62284
-2489
-35374
73040
-28379
-3967
5656
49453
93820
-93551
56000
22401
83230
36783
34790
28251
-30063
-94939
-17988
-21565
86400
-81550
4285
58592
-43128
42015
96765
-83376
-67471
69697
-5708
55399
54056
53762
-86397
97842
-14544
70691
60020
-9666
-92150
-35549
-97341
37746
-61690
-84068
65053
-4132
-87096
37919
-51697
60821
39131
-17190
6649
-24841
-1788
62365
-28939
-39704
-18638
-72583
17515
62370
85880
-47470
-35119
81673
-76052
-74678
57404
-71802
86954
-4616
-24219
49622
35216
64982
78026
65482
31581
15219
58249
32140
-6887
-81164
-18807
36110
97897
-34951
24388
24713
-75289
-89911
-51959
84491
-97136
3664
-23064
34687
2271
77594
82582
56323
57419
-79413
-10218
2290
5718
-31317
38681
-66130
51440
9817
29963
59891
58337
63532
83492
-52904
10848
58831
-4921
-50642
74161
-65619
36445
-38420
12732
2952
-42586
83207
55671
55808
63644
-80419
83923
-51579
-81736
92958
-25801
440
58426
-64121
95924
84368
86849
26743
-75012
-97896
-38516
-99423
53246
-65095
-5565
-26278
-15716
-54875
81381
84015
-39188
-3001
95929
26333
-51615
97236
4179
-51970
33952
5913
10165
-2465
62578
73046
91352
52575
16158
88862
-74812
-68965
-90880
-19835
53503
-86035
71141
-62848
-40120
-18506
-71832
48033
-10580
-34076
48821
3436
-20524
-19341
53384
-66658
-90674
-34862
-45461
-20955
90055
-69979
-1759
-89892
-76773
-64942
24877
-73243
94201
-12324
-57565
10682
-75108
-52742
-91101
7508
40697
-17128
35503
-14312
25268
46412
32614
-6268
92638
71556
33051
-42928
50581
-4956
89041
-9667
-18633
93226
51943
-46480
-46710
64415
25300
-2340
-53488
49308
11837
53966
46407
-84938
20941
-25080
-21838
87699
-65237
-71533
-10929
-26268
-83050
77369
10519
-61991
44767
85457
95461
24396
-91304
-25927
-88907
14412
-77396
66986
-32404
62867
-10352
-35243
-84171
78809
-67540
920
-9024
-86154
-51109
3422
-49560
54660
-5620
-53928
-16629
-37493
-3863
89084
71545
91122
60086
92802
-20025
85931
64529
82539
14896
14672
-29147
-74600
-65153
-35556
-41706
-91630
-15044
85743
-88171
80488
88179
3537
-93247
18641
57250
-37361
22721
-32007
68132
-38313
-91523
89823
96812
10178
37046
-41843
-30291
75454
-45792
-30292
-88576
-86467
-64394
-43344
26777
19725
33161
-84698
2352
76287
-38013
11948
23520
76173
86598
-21835
40399
-61737
661
-12209
57526
73977
-32580
58916
66103
-37838
-70101
-80953
36225
-94442
-18948
-47040
-89607
60724
-43605
34314
38025
-33951
23419
32231
95859
-92021
77457
-77519
-79088
-77159
10827
-2624
-1853
-49960
82132
-60500
-3036
5299
-67734
-52989
-69159
-81504
61051
-74136
28511
33648
69568
58448
64052
-35871
83993
32223
17792
-22466
43985
93054
-57309
-1662
-76446
49479
-42362
58205
-7526
-73621
-17660
-35063
-32656
23408
69400
77398
56432
-61491
-53059
72267
-93617
23371
39932
82073
33249
-49884
-61325
6532
91842
-48375
47415
-67498
-39364
-12373
45242
-90379
79914
-25201
-70628
-91195
70188
24855
-81752
15255
71127
-11003
4158
47521
-50242
28133
86218
51217
-11746
93682
-46232
-11846
59106
34248
-79714
-16827
43463
88869
60517
898
35848
-23870
15425
-68197
29298
-73228
10064
-80881
92165
6942
91356
-58080
-42138
-80327
62258
-38297
5941
-45866
68457
-67452
59973
-78358
-60293
97688
-83274
-65915
77080
-29348
21360
16341
21595
2033
87563
-12828
-51728
-89009
-51974
33738
66897
76587
83117
-90698
760
-89986
-18154
-80321
-64839
96243
49332
-66514
-80231
-99429
82698
57467
36422
13613
-38918
92118
-96994
-51448
-99750
-96693
63127
66827
56505
84829
95686
41920
3485
-27318
-31824
-9716
88182
-51527
-89932
1374
-81256
38490
91661
34950
-48361
97594
20355
65675
16651
-13726
-68209
-34012
53086
17829
-90408
75524
88367
5257
-55803
38338
-9228
-23721
87910
80124
58176
-73686
-86751
71706
-52301
-95244
17205
47633
-59230
-60944
-19724
35703
-74012
35905
18462
15794
76872
38721
-57610
9653
-9494
27137
98638
91084
66919
81560
-63409
93922
-44384
-64424
25684
-93865
20754
-15048
-58921
-28673
-77567
12103
-76441
85169
-25584
-79827
10990
19293
51449
-25642
8455
60925
-90919
47491
-82068
84281
90236
13237
12333
32897
-15838
31296
98346
97383
-47824
14073
-10581
-39324
-628
88144
17142
-39293
94512
14844
-55879
75535
56467
-27845
49087
51854
22846
22886
-60086
-99496
97834
-42166
19586
86332
50139
28731
-96222
32564
-84686
-59558
4731
-30786
15025
87595
52956
8607
-75824
-69905
15420
-58219
92034
-56941
18160
70621
-99137
-98254
36890
-43672
62366
84086
-6091
-58980
37543
42039
-590
-31217
85485
70243
89218
31464
-26113
-69287
21779
-12025
-79359
-66089
880
-76820
69607
78848
56413
-16934
-87957
79108
-43368
-49836
-86327
88348
62877
79503
69051
-21292
-56073
23018
85789
-97724
80240
75978
40542
17473
60314
-74269
-17791
57414
9507
-59555
18260
96928
60038
-44897
-32854
-75871
9866
63127
-72325
41716
24070
4596
33336
-7184
-56503
-42627
85730
42554
-62481
79131
30572
-63473
412
-86313
51917
-31540
-57389
-79667
71631
-34634
24435
29355
88992
66183
-6363
-28540
17887
-14707
-73524
-7071
5574
-95368
-2543
-40987
4266
-79138
13034
-24900
-43388
80279
535
-73672
19246
93971
6590
-63955
25155
-11368
-90385
74851
-72807
-1263
74266
-71755
42633
-6716
-38429
88059
82385
-5823
-58405
-44059
-77313
15998
-43956
-24862
43160
31398
90224
55715
92526
-34530
-68504
-99478
-11917
-26870
-56933
-84286
-27147
-31482
-43574
25555
-25255
50845
-17511
-41087
62101
58095
3297
80825
-3001
71485
79736
59508
40564
13057
-5920
-40541
-10513
49981
35093
-25457
69479
42712
-32872
72662
66050
23412
74750
39209
67819
24431
19406
-11724
-16798
-55274
-98212
42964
-78245
83128
-40654
63255
55514
50539
-30737
-17169
46805
81123
54047
80222
-91951
-39476
17127
-40208
-69576
-50997
-21557
25488
74478
-93395
4779
25820
86202
-56139
10904
56912
-97608
53089
11494
96293
65981
65902
-35834
-96848
8499
-39858
-35218
35202
26867
-32659
-36758
21368
117
96153
88028
77058
84980
54188
-11032
-20778
-12505
-15835
86715
12681
89987
-32898
-40306
3239
-69141
-86469
-87251
-85324
69515
62390
7803
82131
98155
87907
-93695
7167
-65955
2679
72745
-82747
719
-12496
-3732
-86327
17882
-37889
-145
-84968
-25412
64440
-42907
75552
-89792
-62640
-30878
-71351
20825
-38073
-64082
83623
-70296
-23049
57588
57911
36756
437
4613
89459
22003
44170
-5464
49014
-24291
-44914
-2012
78614
-86120
84505
56627
-2220
89050
23689
42933
-47027
91828
91145
32345
85556
-23592
-51972
-22222
72545
-98110
-73708
63004
26251
65250
7861
-37460
-71532
82723
-96376
98325
-26120
59252
97828
83352
4765
-44750
59452
-96368
-69900
-33827
96215
5451
-48352
-27177
-73223
-82813
8267
-26418
-50774
-79425
-57251
12077
33466
99054
-49858
71400
67829
61400
-881
50247
31240
68104
-34651
35762
24241
43610
-61450
-51034
-89017
10086
7644
14242
-8343
-10497
-8903
-54625
-93180
-21713
-48255
-2949
42288
-63385
-67315
5254
26820
97825
56011
99557
58548
88000
-74724
13258
32817
87103
6634
13187
-96431
17268
36889
-90844
-95216
53915
71400
27181
-78392
52860
-60010
48624
-17593
88053
92089
21380
27567
54342
-16873
23841
-47876
93467
57741
13041
20771
81883
-88772
43066
-65456
2047
36525
99607
-56813
-83659
-80885
-86184
10035
-6599
-98553
75113
-70642
-56988
80905
-61198
48898
-41564
98063
50311
86925
-51914
-10440
-38472
-66188
-93016
-87195
56018
15658
-73164
85049
-53954
80296
76222
-72418
-72797
-79417
17729
71624
-72501
74756
-44845
23794
-33281
-97164
72770
-71531
70767
-60235
-58349
-85787
-42626
-68985
-48873
4939
29813
16535
-7707
-46002
-41140
64007
-53688
-35142
73217
-23311
19022
43821
55332
63521
-90201
-85324
14029
-54123
64271
71990
-66292
11159
91070
-62275
-32854
30558
-94754
-93772
76944
-23187
74712
74143
26411
40768
16554
23376
-70507
86046
-75402
-39294
-80200
73275
-38545
-67109
-29068
88583
12439
-86004
-75437
25709
-13976
95550
-47353
-14143
78649
3922
-18221
37155
-16458
74562
4997
45367
-41450
11263
-95646
6808
-69273
-6912
-59780
-78267
33778
27665
-82240
-51662
-58460
3079
-42357
-98829
-41336
24135
-72165
-8204
29397
71345
83969
17086
-80823
-50648
73437
43040
-22215
-99245
-89003
18722
-84002
55559
-71372
11740
75986
79544
-47180
41401
91073
89533
-60757
61167
96579
14830
-38017
52049
-48695
43147
-40454
-57286
14944
-46045
-5129
91096
2233
-59477
85621
-3289
86723
-31916
-89614
32605
-8665
-67184
-39767
73240
41148
-52849
46682
-38689
41240
63657
-5708
10806
-37332
-99665
-46460
-30440
33075
80169
50395
71431
-80478
51003
-66201
59140
96587
-64252
67685
-83179
40839
37259
-79144
-64537
62679
-93033
21001
6549
-32610
-3757
-20765
94053
82615
-2839
88661
33289
-35150
97115
-81700
-88916
-36261
-36736
-19805
47815
36945
50999
-8701
62938
81493
41735
60699
-52401
81847
98290
-60276
-91323
85662
30176
96629
-30756
-60667
1
94979
-93216
27515
80813
-46867
85513
28539
79213
-38178
-5393
85787
-97142
99019
12506
-60865
55593
-47780
63144
-98172
-5347
-22143
86100
9514
32366
71748
90432
77456
-80698
44309
24561
-58510
-21619
38790
-82723
-96293
-46015
56019
25244
52111
18150
81500
-2558
-18298
37309
37228
-25799
-64886
-74778
-41676
1157
27107
40794
-85755
47564
59874
-62725
88726
54601
-17321
73975
55915
-3267
14757
-49324
-19192
90557
-45507
13886
67322
-62597
11296
64194
20956
7371
22533
-50262
85643
-27995
86100
28075
17149
-63798
-78533
-3259
49395
-31118
63115
28156
-80972
78370
58779
-98508
77507
14699
-97079
17903
-10459
68661
88025
-80575
-67653
58633
-82374
-82899
42527
10100
-46044
67741
98524
38661
-7673
94313
45699
-79472
-71024
-90659
62172
-96129
37691
-75587
-10376
31518
88609
-2251
64056
-55353
-3823
-25862
-26360
91657
-4782
20155
40678
-27707
-68314
-16805
-45650
50383
560
-70406
-97373
-46653
-18462
-17337
47863
49383
-66544
-76157
-77794
68019
80744
76336
60302
-10479
28170
36764
18161
-2641
-76289
31747
54701
56288
-6919
66369
-46705
-16192
-64706
-99527
-49875
51583
-23815
-34162
59192
16501
-74508
97800
-30120
90308
50816
-40326
89391
-91164
20223
90008
-50825
-78390
66
97607
-90998
51969
68877
42061
-95823
22191
-86890
71664
68012
97671
-71144
-14176
-56541
22435
13102
56543
66956
-6616
66092
-51412
61276
36186
81692
89029
-31505
5379
66278
66105
6489
45035
72064
44296
39103
-21104
-11321
-95610
-22373
-31104
15643
-88741
37007
-91466
-40309
53842
-58777
80407
13424
-5154
-95259
76558
83628
-94653
21085
86435
27952
-903
42658
56111
-55213
39339
-95803
-82682
87609
-10507
68838
17547
50005
49781
-31832
22926
-34451
21179
86996
63264
-9544
2119
19296
34090
76331
81557
39358
79798
95564
84949
72728
-658
-91036
83514
-1639
-13664
-3000
84454
27487
84329
17176
-10490
26458
82187
50182
1266
-14309
85421
82109
-2659
-35623
66018
-7534
-91878
2749
47608
-70980
27213
14835
42142
43101
3642
-74669
18095
-5879
-15392
96649
-78547
83556
-60534
-35130
-46705
-17002
-75495
-7674
-62380
5811
-5225
98710
44297
47215
-30538
-1171
18388
-6176
-82409
20858
86003
6449
72112
-22236
92439
86273
-49053
3594
84674
-61413
5888
84758
-38529
-55472
73662
-9394
-20591
66602
75169
20128
87297
26943
-12028
1634
8582
81408
65760
-18049
-47534
1187
21325
97234
-54815
-36451
-10868
-42652
-45575
35856
91382
9537
-2673
-62679
39792
99261
60524
-28279
-47749
95118
-30044
-74367
26603
-68975
-63554
-70519
-94113
70837
-45465
-25512
-77138
-50066
-64169
72089
49688
-9572
-81219
-19880
78955
28609
4844
-4165
43250
90009
26354
20539
12646
-49734
3819
-42667
17536
1654
-117
-85352
-57224
-62036
-49570
10766
-7026
60203
-21906
-59346
-74140
61817
-41018
-92999
77249
-78452
33814
-69563
-71978
-14317
-33068
-85139
-86580
-19050
77899
75177
44888
39313
-38266
-73725
-42091
68829
62484
-36247
-68292
38881
80237
-1911
67274
-12030
88103
-80544
27697
6821
55559
82617
-31746
88966
1612
-20738
76557
-58059
-8421
-49846
30891
24039
98630
12105
-24958
-21462
-77467
43558
51633
84308
-64777
3414
-47654
33652
44074
31949
-8000
81148
3038
91486
-81710
83394
-1339
-80411
10215
-17402
-88287
4985
49033
-65350
58677
76454
-7485
-29799
5988
-24156
39595
32476
-33715
-60545
89828
-91278
41255
75288
48447
-15004
4330
68560
-30628
-64160
49176
86235
-2842
12553
-87048
-87047
7236
54219
-9451
43110
-32358
-65615
51232
-4180
-46846
-37382
-33654
45495
-532
49184
76502
-94295
25156
92923
51500
-67056
-53549
4288
59386
-42074
7933
-89953
-800
-81094
71632
-71559
-53965
-7698
-83474
38412
-61437
81334
30248
-94622
-99920
-76729
61523
-94477
-11005
-51245
37311
-62422
-94410
-43665
-93349
6267
-40863
50702
31606
-45961
-43125
94125
-49594
8478
5476
-11990
13423
-61228
48512
12201
81238
93967
41653
15101
77437
83542
-74406
-73427
24763
73577
-99309
-18026
15354
-62306
6000
-23174
-51386
72558
33338
70022
-84348
-72187
-5331
-7822
-56817
-30047
-75715
86210
-5471
-10378
-28505
49281
-14956
37315
71168
-41377
47197
69700
-53712
44538
58781
-38526
-75070
-46317
-3686
-47534
76864
-38253
7107
-26916
-90106
63583
57383
-13560
-85758
-7214
-88393
-72289
32306
65454
-69231
5834
68326
-97778
-33286
-87626
-73591
63040
75370
-30404
10840
-34526
71234
1439
-49337
85036
-79118
-31055
-15325
40238
98179
-25839
14620
24538
-73588
49535
-80306
21482
-89358
-93264
-25909
-55447
-59227
-2603
34703
12465
23285
-40519
7472
-60079
86428
53257
26471
-59955
31352
30255
67829
72476
-65702
-12695
-48755
54407
46792
-62894
-43580
-5279
-14907
55884
-20172
-68860
62744
-14724
94138
-87462
92178
-68909
99009
-42367
-1148
68975
19473
86730
1490
-61012
-50757
9375
33197
-13880
3264
3679
98803
-25526
-88431
-55537
-16726
3604
-21039
-72601
-47980
21113
27242
88180
-40467
33643
97239
-95866
-28290
42897
46335
69674
-69013
68686
78713
-80881
15100
64925
75439
-46733
74167
-1031
-87398
86644
14824
7743
-85688
-18315
-79875
-27622
-78601
29048
5163
35947
19813
86815
63858
54108
-49369
2317
29460
75725
68687
-90995
-70807
-53496
-38375
-94061
-32474
51719
7642
-90490
-39551
88077
-11907
37905
-48163
-77317
-17948
1794
55517
86075
72503
87519
-72524
7590
89337
-13038
-50995
-65412
-86468
-24697
-90470
94080
66995
92268
-62294
-66505
27353
-8722
8611
-20696
-14651
78843
42277
-69875
91776
60215
20390
-41647
749
57291
99405
10643
55484
-71433
-81523
-31837
5725
-15679
-54173
21271
-87388
11816
19916
93818
93591
94211
98487
43705
16498
-44318
-3296
-70743
10999
-73091
-7526
56373
59468
73053
-12198
-55439
-27586
86409
-86022
-74515
-36781
-40329
43702
28034
-14947
-20125
10096
-1578
90896
8971
44179
-81754
-5877
17420
-78656
-73712
-70149
62471
8501
-60110
-84434
41115
-28394
-55939
-6511
18556
-44069
-54508
-88352
64016
-92544
-75139
95080
-4650
11174
-36670
2452
85935
97333
-18931
-5001
68208
-40827
65301
-54088
-77038
38113
45923
51004
20290
-81821
63263
32783
21017
-64658
47201
25978
21541
62707
-75464
50664
-47425
34147
-49113
15495
54913
70184
-66181
6409
-51016
-1557
19041
22286
-20191
46611
-42635
-71278
9996
-21949
51676
-72782
-83837
-27352
35975
-53479
-97383
34208
52285
-47293
52594
60817
23240
40038
24998
-90824
-22338
57407
-79092
-13605
56029
58736
-61411
27721
-94132
-20773
18931
-75369
-40667
64778
-45630
-66090
61739
-16255
-31961
59465
13670
68069
3507
-15205
866
43384
56984
-38169
-87931
62071
77296
32197
81864
865
66566
32685
21492
33574
18718
-19333
43518
71421
15698
66542
-46354
67182
46975
-64547
-73675
-17171
-32316
-2852
26599
264
51966
493
-50962
26396
2393
17992
-75245
-21845
-57358
-22476
-34733
53349
-28263
61586
66868
-2727
-9859
-82895
-92467
59179
-35356
-19463
-61328
-50186
-99158
24903
70465
-60972
-68112
51762
45251
-2967
41745
81862
60463
-84644
42970
-44171
-55538
48572
-69129
-95755
93748
49571
39659
85577
-57392
-67444
34658
46988
-45257
3949
-54741
98056
59866
-10661
43662
80062
-37661
85743
17817
73523
5204
40295
-61952
-87018
-64836
34788
77908
40359
-57754
89173
-99455
-67820
66533
-65736
28780
-74256
-43410
-51446
40765
50452
32585
2351
-75888
91088
44096
-78253
-65261
4518
-9772
-37252
82737
17708
64813
-9636
-81112
-43768
54177
67436
-36126
-57501
-15069
85850
43709
96820
-87581
58432
25335
86876
-90407
12859
37456
9091
65668
-34275
49647
-93225
10874
-73408
71443
-95360
-42798
33379
-75710
14980
39484
-66806
44786
35426
-30498
-25687
-99982
-68585
-92592
45777
-73504
-34895
-5166
22994
-29425
-29488
4652
-98096
-40648
56386
29994
19480
31115
17421
76403
-78312
47311
-72592
86075
11809
-71161
55715
68704
5370
73327
-37439
-59129
-18930
-72146
-72057
60832
18918
32221
-37342
96035
-37324
-7916
87707
-78150
4238
-5387
49334
-84722
66795
-44604
31164
25676
-37961
-28412
54393
74554
58468
-82753
40960
25463
-74503
-66742
-57932
14613
66650
-55358
-51758
-16642
-9544
-90023
153
-71574
-20665
-97981
21249
-99601
-33357
72532
72341
8893
18395
79530
-56681
-34468
6282
-7648
-37782
31442
-25475
21052
47966
-33667
53728
77731
36425
-72962
-24605
-15483
32351
32959
-30806
-6603
4384
-2311
89167
75153
-79824
-25605
-10720
-32336
-65302
-27661
-24364
-58593
-76117
-64552
-32252
62680
16279
-31539
9138
18328
-7885
-80051
-9126
-45367
85425
63467
-87166
86751
-35398
24959
51767
47151
88049
5600
46556
-47591
-26354
-56802
-87277
55499
10184
-2509
61870
-54652
81969
20236
75393
-50826
58186
44223
-74631
-51332
99088
51522
97326
25536
11955
-45505
6463
14065
1267
-20922
36450
60818
46156
58353
11658
29292
-19528
-82386
94860
66170
-36959
-89677
88577
-45336
38533
-80479
18499
40850
-28785
-18582
46093
40954
47697
-27521
52157
55433
55424
75946
-33914
-20700
-24042
41510
-82069
-84101
-29735
21678
93107
-94461
92171
-77131
-28157
-68009
57478
80364
-45648
14061
40238
37577
77734
-25183
53640
65485
93753
32405
-79202
59218
5028
13032
54420
86791
86208
-9841
68301
31321
-402
42934
-86224
-99908
-55733
-86994
-90565
18156
-12396
87120
-23031
-92196
-59588
-70061
11889
89567
89546
54643
2109
86094
67354
47522
-53945
-54398
-36567
3300
-61552
-72819
25680
72015
-63624
61135
-57662
38541
7323
-69891
77199
25891
22186
48884
50323
43883
-26165
17664
-5285
-16750
83136
-738
58054
-81269
90112
98009
-35237
77698
47381
74
-6461
-68328
-81602
-82765
-69841
66975
-87557
45098
69938
-20778
78380
-4218
-86009
-84930
79182
18017
6216
-57812
44195
-43047
68572
-89562
-39245
30111
-95945
-63843
-4099
-10241
-69729
-97845
83735
-20517
64964
-62670
-24992
26797
5418
-56287
-64110
-91941
32979
-10566
84641
-28611
92692
65138
-29445
49720
60479
3163
-22136
-44926
70121
47475
-78241
35508
-62980
28761
24429
-20378
-72324
33731
-35473
-32319
-33236
-98859
38074
57068
-43169
56092
45585
18755
29728
-77620
-70259
-59946
-30685
69666
92439
-11657
-56154
-45088
-12961
58382
18920
-88206
-55864
-59809
-34567
2324
-49046
-67027
-73940
24731
25276
-93485
-93587
48016
-36466
-76570
-4544
71487
67481
5985
24915
99476
1029
53729
3469
18674
64389
9706
-54191
-68567
14904
-14319
94681
-78701
55235
24872
93411
-97728
13910
94785
69326
90575
-10867
-36518
-87442
-69613
-92196
-17529
-13537
56705
-16901
-3474
4352
-68492
71218
29086
-98463
83318
83830
-9733
-81439
59986
-22171
-99356
68514
4998
-1069
-33234
-15721
-75007
-17691
-95470
-20633
92664
56723
82623
-74798
54157
-43114
-94906
-85779
13482
17750
-9162
73389
27904
82407
-2782
98138
-12880
2541
-97280
14331
47339
3068
-80614
-48788
-94461
99492
24150
36423
51072
19030
87951
-83385
82768
-25999
25391
59386
70216
-67134
-70524
94927
-10124
94089
93796
9382
85302
-2323
-25481
-55137
-45251
63927
-40331
-95778
99855
-58175
56288
40354
-4751
-93756
-47625
-52208
-975
49873
-17849
-43412
-3083
39744
82361
-73319
81261
41286
-52141
44107
57280
38729
77737
32286
-62598
5379
-954
-89528
76819
-41298
58224
-23528
40051
-76988
-82484
25911
33477
59777
82424
35390
62541
-67566
29545
-77189
-17310
-21946
58114
-79348
-30197
4950
-46549
-88298
62121
-48169
13309
95178
-95120
32193
-62509
-83186
-51872
-57423
-6516
-18776
95239
19761
62054
-7592
-19972
87558
-86118
88670
-64817
-85325
43190
4232
-64049
-6381
1853
-6118
96839
-5251
-14911
-90308
92356
-86306
74408
33689
48865
87571
54747
-6160
48565
-4893
-48198
-95760
-78160
-25704
-1904
-45254
54558
-61747
-30919
-43439
-24817
-30166
67653
-28048
-23659
-32181
-97709
-98460
69407
-86673
74147
15544
51822
27810
-18273
5518
-15313
-26857
66041
64766
39871
25663
-44457
-66202
67025
-53143
-24778
-36827
-96368
-2588
24745
15342
-32835
-33681
-87572
8476
60202
74160
-75858
111
78533
92468
-73203
27192
-80086
18969
79176
59641
83758
-20463
-99258
-33912
-74896
23675
84522
66963
-15737
-50020
57917
-82700
42465
31782
-43912
55620
-21355
-7315
97793
-3790
-34073
-1125
26264
-30845
-10722
-94899
-58776
-71395
-18067
-67130
69701
-88254
56781
28174
-47148
-42910
-97520
-77490
35857
5677
-93641
3217
50808
-62400
77427
15114
30504
-4836
-42599
-70836
64615
-88909
36640
98127
33684
-18907
39886
36637
-93106
22423
-26745
84071
-10838
-99402
63272
-58824
-2298
54601
41254
38870
-13391
6821
29892
-58362
-25361
-14619
59101
96160
-10757
-46767
97636
99168
80421
75923
80223
-59368
64411
-48685
93494
79121
-30296
-37526
15611
78412
-26624
-36474
-48056
-94363
-24745
-94833
40881
88136
31329
70753
-94117
-56493
-29649
22445
-11981
-71668
-66356
84742
93963
-44465
-57323
30506
41328
-14272
28461
-50718
6915
7621
50304
-35265
35261
25148
98785
46906
60397
55759
33888
68019
53539
62633
-90330
75959
47754
-3984
582
-57777
63644
69586
83598
-31525
-68570
17556
85373
-7215
63195
91402
-71625
84341
94249
-42674
86002
81252
-7560
-44504
-99431
-4471
44999
64085
-36061
4501
-19881
16141
6379
-55616
84705
12666
94350
-60047
83845
32736
24591
36943
20552
-22850
-53589
42982
84416
79036
75698
54145
-857
-73336
55700
-64927
98412
665
-5115
31013
8665
40542
-80084
10085
-18056
37004
-53914
-71296
45082
-22849
85603
-88564
29755
-97506
38358
37198
97662
19533
-11510
96037
-14180
26401
-15965
4290
57970
26579
48685
-372
286
46888
-1550
-52004
-86075
-92112
41251
-95076
-94062
83044
27146
51952
45699
90886
12374
-8964
67957
89683
29991
70725
-84208
-3195
7051
-86633
49323
-93003
38674
79872
80548
98498
-29566
-97144
-39413
-24990
94250
-28101
53033
44031
96921
-26564
765
-30515
64103
-99457
-22807
-43798
-51906
-69868
-4983
-79246
36891
96153
-76557
-34138
8164
-27126
24671
-80215
-37995
-21207
-61098
49744
81515
25441
-10988
-1287
50910
57408
94415
-80423
22865
-38837
10182
76660
-35384
-84529
73735
-44509
-6596
-5237
-2217
-12676
76590
11853
58393
60138
-25598
26447
54823
81871
-59098
-55301
96693
89357
15788
-29398
7810
83270
-57912
46530
-45807
-92074
-71154
-9323
60229
63897
4865
-22552
-64696
-16208
83125
-13938
-6120
-90633
-15912
-5058
8005
-20862
44241
16851
77884
9635
-49509
17665
41674
50838
-74131
-64952
88199
-45174
-43419
-92994
6489
24225
-67505
-30921
38330
83199
-49536
-53792
23617
-36308
72352
13750
78243
72999
-59472
-67215
34675
86524
-50200
-12532
-86045
-36638
15257
66755
-67483
59429
25031
16483
17785
-24567
-36501
-80951
17291
79785
213
50015
-13562
62263
40929
-26067
-53118
-72504
37181
51366
841
36840
-68805
-89536
20061
75403
-47209
-39428
-29758
-63110
-62910
59611
-75
-52785
52714
-72913
82846
27647
27238
-69166
64283
7990
-2988
-64107
-72837
-72785
-29007
-8662
-55882
-49787
-56274
-69793
-27418
-28296
-95264
-35131
58892
37440
1429
-41100
-40377
80252
-19429
-50885
38624
9002
-68282
31236
-27162
14812
46928
52363
-53775
61543
-27594
-42691
-51403
-97537
33395
-66775
84812
-18273
47357
34416
-95008
-10052
-3734
81521
-20694
57869
-45758
-19211
99176
-62238
48785
64764
30563
-19974
82756
57462
-28004
23580
-40909
-11399
34573
83206
39928
-55576
56608
56888
-49856
31634
33311
7849
-73252
-42626
-41839
59704
-61851
-21229
-45366
-17391
18320
61394
43608
-10319
90866
14328
-18153
-82802
-3488
-84412
-83836
26659
-96360
65898
-18586
-99213
28803
98549
-44867
30582
-32041
15635
67397
-190
5297
-76288
-31049
38118
-62039
37815
-88140
-49025
-44233
55284
4982
97469
30378
95355
62152
69212
65075
-88616
10732
52147
-92583
-69749
-54518
-36884
-34378
66856
56202
71966
81089
51594
83301
-66454
77072
38666
40993
-90649
44
62709
-78376
-56571
93781
36792
12066
-28337
90448
-32261
-96378
-50375
-65572
-33286
76568
46112
-91362
-92419
37768
26730
-44946
219
67893
-89180
68697
-44179
89727
-65648
-90156
-39486
21861
-29828
40690
82252
-34441
99443
510
-69005
53160
84483
30450
-65219
31500
97312
56751
38402
-25239
53421
-86244
6804
-95404
-39891
7103
-67497
7350
50606
-25630
67398
-73913
-93994
18310
-91779
-73414
94348
-15341
41759
68884
2045
23499
6603
-631
-40214
41879
-43415
-50203
33018
47373
76413
40109
34348
31745
-56025
80795
49961
-8669
-18545
81893
-21630
-98357
-41126
16284
94277
54110
22852
5665
-42424
-54507
-43181
83201
-25681
61470
-69912
-53397
27745
12062
-6388
93868
-50335
70559
-96736
-63285
-67277
81821
58039
-43017
29370
11439
29225
59589
-85004
31861
55429
82364
-81134
97067
88975
-64381
74040
-52600
-50241
22335
69550
-35069
88169
28158
87824
-8722
-75190
-37529
-67392
-88156
41092
-88272
27547
79704
-25803
-8613
93633
90139
-40024
23473
-72147
-44674
84071
41219
25119
22701
20213
-67701
75325
-34934
74230
76910
48322
36405
-76389
79474
-10663
-90865
54538
28834
-79584
94171
-33414
75464
24383
-85523
-59425
96682
24830
-38655
-68139
81897
93756
-21625
-45906
-1258
-22440
-64536
-39258
-61379
-93160
89413
6093
-53073
66764
-61824
-92634
-97835
-60064
-15335
16381
90994
-50636
96438
-95899
-30022
-97859
58657
89273
42385
84455
-29492
-25178
1414
-62730
93171
57233
-38215
-71780
55933
7716
-30450
-1442
93148
-4232
95496
67532
-95293
83706
64546
94563
-27893
-97894
-9642
94344
37945
93568
26995
-55913
49978
25294
35899
21872
-29154
13135
-52957
-88592
77818
-35629
-55897
-29819
44036
-78587
-67185
-31191
47769
-28109
90140
68292
-69553
78207
-24161
-64238
-10039
92418
-17406
35531
72120
-77455
-20611
-73528
-2410
-3945
-7974
19836
53561
-23329
-97855
-60147
-55546
83744
-63906
617
-65765
-40880
-18316
-32605
2675
-40479
-42548
-13657
64984
-22186
71844
-59031
-74513
83836
56567
-61372
47284
-18084
-5230
86658
-28586
